,secShortName,tradeDate,preClosePrice,actPreClosePrice,openPrice,highestPrice,lowestPrice,closePrice,turnoverVol,turnoverValue
0,重庆农村商业银行,2010-12-16,,,5.45,5.49,5.06,5.2,749516118,3965711907.0
1,重庆农村商业银行,2010-12-17,5.192,5.2,5.27,5.3,5.25,5.26,92249000,485039912.0
2,重庆农村商业银行,2010-12-20,5.275,5.26,5.25,5.25,5.11,5.15,37490000,193568790.0
3,重庆农村商业银行,2010-12-21,5.153,5.15,5.12,5.21,5.09,5.13,82140920,420740042.0
4,重庆农村商业银行,2010-12-22,5.118,5.13,5.2,5.36,5.18,5.22,90846000,479343105.0
5,重庆农村商业银行,2010-12-23,5.227,5.22,5.27,5.28,5.16,5.17,24294000,127362180.0
6,重庆农村商业银行,2010-12-24,5.171,5.17,5.13,5.2,5.07,5.16,15108000,77470930.0
7,重庆农村商业银行,2010-12-28,5.167,5.16,5.15,5.15,5.08,5.11,9134000,46588310.0
8,重庆农村商业银行,2010-12-29,5.106,5.11,5.11,5.18,5.1,5.14,12090000,61935816.0
9,重庆农村商业银行,2010-12-30,5.143,5.14,5.16,5.16,5.09,5.12,11527000,59118846.0
10,重庆农村商业银行,2010-12-31,5.105,5.12,5.14,5.24,5.12,5.23,11939000,61978010.0
11,重庆农村商业银行,2011-01-03,5.218,5.23,5.25,5.37,5.2,5.32,46288000,246310900.0
12,重庆农村商业银行,2011-01-04,5.296,5.32,5.32,5.54,5.32,5.51,76084940,414670062.0
13,重庆农村商业银行,2011-01-05,5.531,5.51,5.5,5.52,5.32,5.35,178871300,953893774.0
14,重庆农村商业银行,2011-01-06,5.322,5.35,5.4,5.58,5.38,5.57,39931000,218412650.0
15,重庆农村商业银行,2011-01-07,5.548,5.57,5.57,5.89,5.55,5.75,125903000,723520560.0
16,重庆农村商业银行,2011-01-10,5.756,5.75,5.75,5.79,5.64,5.7,17640000,100483835.0
17,重庆农村商业银行,2011-01-11,5.696,5.7,5.67,5.79,5.56,5.73,21518000,122645245.0
18,重庆农村商业银行,2011-01-12,5.716,5.73,5.78,5.89,5.73,5.85,43743000,255030865.0
19,重庆农村商业银行,2011-01-13,5.864,5.85,5.85,5.9,5.68,5.74,47383475,272994143.0
20,重庆农村商业银行,2011-01-14,5.744,5.74,5.71,5.74,5.7,5.71,23700000,135474857.0
21,重庆农村商业银行,2011-01-17,5.728,5.71,5.72,5.77,5.55,5.57,23642447,133582958.0
22,重庆农村商业银行,2011-01-18,5.543,5.57,5.6,5.85,5.6,5.79,26196553,151192191.0
23,重庆农村商业银行,2011-01-19,5.789,5.79,5.79,5.82,5.67,5.8,18394430,105639340.0
24,重庆农村商业银行,2011-01-20,5.815,5.8,5.78,5.78,5.62,5.68,20094591,114367368.0
25,重庆农村商业银行,2011-01-21,5.693,5.68,5.64,5.68,5.47,5.58,32236000,179386911.0
26,重庆农村商业银行,2011-01-24,5.593,5.58,5.61,5.62,5.43,5.48,16366000,89869755.0
27,重庆农村商业银行,2011-01-25,5.491,5.48,5.4,5.48,5.25,5.4,58358500,313979506.0
28,重庆农村商业银行,2011-01-26,5.399,5.4,5.45,5.52,5.36,5.41,30076000,162935302.0
29,重庆农村商业银行,2011-01-27,5.415,5.41,5.4,5.42,5.31,5.37,18370000,98865400.0
30,重庆农村商业银行,2011-01-28,5.388,5.37,5.32,5.37,5.18,5.24,60589560,316598289.0
31,重庆农村商业银行,2011-01-31,5.234,5.24,5.2,5.28,5.12,5.28,13748000,71322630.0
32,重庆农村商业银行,2011-02-01,5.287,5.28,5.27,5.29,5.16,5.23,12421000,64812905.0
33,重庆农村商业银行,2011-02-02,5.2,5.23,5.28,5.52,5.25,5.46,29859980,161832165.0
34,重庆农村商业银行,2011-02-07,5.47,5.46,5.46,5.48,5.37,5.38,11254509,60850080.0
35,重庆农村商业银行,2011-02-08,5.387,5.38,5.38,5.42,5.32,5.33,10953607,58689457.0
36,重庆农村商业银行,2011-02-09,5.338,5.33,5.3,5.34,5.26,5.27,16667916,87901505.0
37,重庆农村商业银行,2011-02-10,5.282,5.27,5.2,5.3,5.15,5.18,31201000,162460350.0
38,重庆农村商业银行,2011-02-11,5.193,5.18,5.2,5.2,5.01,5.09,46718000,238099831.0
39,重庆农村商业银行,2011-02-14,5.07,5.09,5.14,5.29,5.07,5.24,15884000,82561892.0
40,重庆农村商业银行,2011-02-15,5.242,5.24,5.25,5.25,5.14,5.23,11697560,61099139.0
41,重庆农村商业银行,2011-02-16,5.228,5.23,5.22,5.27,5.17,5.25,15498370,80898225.0
42,重庆农村商业银行,2011-02-17,5.233,5.25,5.25,5.39,5.2,5.38,7630000,40594780.0
43,重庆农村商业银行,2011-02-18,5.351,5.38,5.38,5.62,5.35,5.61,40567000,223184155.0
44,重庆农村商业银行,2011-02-21,5.586,5.61,5.51,5.82,5.5,5.81,79429292,454244806.0
45,重庆农村商业银行,2011-02-22,5.83,5.81,5.6,5.95,5.54,5.65,61732000,352077425.0
46,重庆农村商业银行,2011-02-23,5.659,5.65,5.6,5.68,5.56,5.58,33303726,187421279.0
47,重庆农村商业银行,2011-02-24,5.564,5.58,5.6,5.82,5.56,5.71,35692000,203886024.0
48,重庆农村商业银行,2011-02-25,5.689,5.71,5.8,5.99,5.76,5.89,61557000,364261025.0
49,重庆农村商业银行,2011-02-28,5.868,5.89,5.88,6.09,5.86,6.08,38361000,230331970.0
50,重庆农村商业银行,2011-03-01,6.063,6.08,6.05,6.28,6.04,6.23,55284000,344204242.0
51,重庆农村商业银行,2011-03-02,6.253,6.23,6.13,6.15,5.98,6.03,18216285,111005523.0
52,重庆农村商业银行,2011-03-03,6.023,6.03,6.03,6.2,6.03,6.09,10833880,66217163.0
53,重庆农村商业银行,2011-03-04,6.095,6.09,6.15,6.15,5.94,6.04,11377100,68490680.0
54,重庆农村商业银行,2011-03-07,6.054,6.04,6.0,6.07,5.9,5.92,10623909,63678691.0
55,重庆农村商业银行,2011-03-08,5.903,5.92,5.9,6.1,5.86,6.07,16075000,96380763.0
56,重庆农村商业银行,2011-03-09,6.046,6.07,6.1,6.46,6.08,6.29,38594500,243030360.0
57,重庆农村商业银行,2011-03-10,6.299,6.29,6.29,6.31,6.16,6.21,23650487,147290905.0
58,重庆农村商业银行,2011-03-11,6.225,6.21,6.11,6.2,6.01,6.08,30193000,183746488.0
59,重庆农村商业银行,2011-03-14,6.083,6.08,6.01,6.08,6.0,6.06,14922000,90251780.0
60,重庆农村商业银行,2011-03-15,6.077,6.06,6.01,6.03,5.76,5.92,18098200,106700860.0
61,重庆农村商业银行,2011-03-16,5.897,5.92,6.0,6.2,5.95,6.12,21738000,132181435.0
62,重庆农村商业银行,2011-03-17,6.144,6.12,5.98,6.05,5.89,5.92,26502594,158956056.0
63,重庆农村商业银行,2011-03-18,5.923,5.92,5.95,6.03,5.87,5.9,14403000,85515327.0
64,重庆农村商业银行,2011-03-21,5.899,5.9,5.92,5.96,5.88,5.91,52252000,309276225.0
65,重庆农村商业银行,2011-03-22,5.899,5.91,5.96,6.07,5.94,6.01,29311000,175431646.0
66,重庆农村商业银行,2011-03-23,6.022,6.01,6.01,6.07,5.89,5.91,12219000,73017371.0
67,重庆农村商业银行,2011-03-24,5.881,5.91,6.0,6.25,5.99,6.17,43949233,271011066.0
68,重庆农村商业银行,2011-03-25,6.16,6.17,6.25,6.29,6.16,6.26,24105000,149927924.0
69,重庆农村商业银行,2011-03-28,6.28,6.26,6.26,6.29,5.95,6.08,24146000,147309900.0
70,重庆农村商业银行,2011-03-29,6.181,6.08,5.7,5.7,5.3,5.32,283717759,1537506855.0
71,重庆农村商业银行,2011-03-30,5.332,5.32,5.27,5.32,5.2,5.23,147875964,777581280.0
72,重庆农村商业银行,2011-03-31,5.215,5.23,5.26,5.41,5.26,5.34,105132100,562204030.0
73,重庆农村商业银行,2011-04-01,5.329,5.34,5.37,5.45,5.35,5.42,36536362,197033788.0
74,重庆农村商业银行,2011-04-04,5.423,5.42,5.44,5.47,5.36,5.4,65538855,355613685.0
75,重庆农村商业银行,2011-04-06,5.416,5.4,5.36,5.39,5.25,5.28,51147900,270940774.0
76,重庆农村商业银行,2011-04-07,5.267,5.28,5.3,5.4,5.28,5.38,40183247,215525099.0
77,重庆农村商业银行,2011-04-08,5.383,5.38,5.39,5.4,5.32,5.36,21597000,115453540.0
78,重庆农村商业银行,2011-04-11,5.365,5.36,5.38,5.41,5.28,5.32,36106000,192249006.0
79,重庆农村商业银行,2011-04-12,5.323,5.32,5.29,5.32,5.25,5.3,26221800,138409067.0
80,重庆农村商业银行,2011-04-13,5.291,5.3,5.27,5.38,5.26,5.37,25895627,137906632.0
81,重庆农村商业银行,2011-04-14,5.38,5.37,5.33,5.34,5.29,5.3,16539000,87752570.0
82,重庆农村商业银行,2011-04-15,5.299,5.3,5.3,5.36,5.3,5.31,17790000,94665035.0
83,重庆农村商业银行,2011-04-18,5.323,5.31,5.3,5.3,5.2,5.21,39688000,207677426.0
84,重庆农村商业银行,2011-04-19,5.211,5.21,5.19,5.2,5.12,5.2,22647000,116662275.0
85,重庆农村商业银行,2011-04-20,5.179,5.2,5.21,5.36,5.2,5.36,33035426,174838109.0
86,重庆农村商业银行,2011-04-21,5.356,5.36,5.36,5.44,5.34,5.39,44609600,241005744.0
87,重庆农村商业银行,2011-04-26,5.387,5.39,5.36,5.41,5.32,5.41,14658520,78550560.0
88,重庆农村商业银行,2011-04-27,5.41,5.41,5.42,5.42,5.34,5.41,21833000,117609530.0
89,重庆农村商业银行,2011-04-28,5.413,5.41,5.42,5.42,5.34,5.39,12663129,68271254.0
90,重庆农村商业银行,2011-04-29,5.39,5.39,5.39,5.41,5.36,5.39,10193459,54878373.0
91,重庆农村商业银行,2011-05-03,5.39,5.39,5.39,5.41,5.36,5.39,13355456,71968172.0
92,重庆农村商业银行,2011-05-04,5.409,5.39,5.38,5.38,5.23,5.25,7820000,41171795.0
93,重庆农村商业银行,2011-05-05,5.237,5.25,5.27,5.36,5.2,5.35,18081000,95451322.0
94,重庆农村商业银行,2011-05-06,5.356,5.35,5.33,5.34,5.27,5.31,10718000,56939946.0
95,重庆农村商业银行,2011-05-09,5.305,5.31,5.31,5.36,5.29,5.35,15452000,82231855.0
96,重庆农村商业银行,2011-05-11,5.341,5.35,5.38,5.44,5.33,5.42,45855941,247434525.0
97,重庆农村商业银行,2011-05-12,5.428,5.42,5.38,5.4,5.33,5.36,13142000,70480592.0
98,重庆农村商业银行,2011-05-13,5.356,5.36,5.39,5.42,5.27,5.39,18343000,97927010.0
99,重庆农村商业银行,2011-05-16,5.406,5.39,5.38,5.38,5.24,5.27,16356000,86244318.0
100,重庆农村商业银行,2011-05-17,5.268,5.27,5.3,5.37,5.27,5.28,39613000,209808638.0
101,重庆农村商业银行,2011-05-18,5.269,5.28,5.3,5.36,5.29,5.36,24171429,129107611.0
102,重庆农村商业银行,2011-05-19,5.346,5.36,5.5,5.73,5.45,5.47,42208000,232057735.0
103,重庆农村商业银行,2011-05-20,5.466,5.47,5.5,5.52,5.44,5.5,30160000,165458549.0
104,重庆农村商业银行,2011-05-23,5.508,5.5,5.48,5.5,5.38,5.44,26291000,142996800.0
105,重庆农村商业银行,2011-05-24,5.439,5.44,5.44,5.47,5.36,5.45,15788300,85554786.0
106,重庆农村商业银行,2011-05-25,5.449,5.45,5.45,5.5,5.39,5.46,13352000,72815892.0
107,重庆农村商业银行,2011-05-26,5.456,5.46,5.5,5.5,5.46,5.49,13135200,71889237.0
108,重庆农村商业银行,2011-05-27,5.483,5.49,5.5,5.57,5.47,5.55,17104000,94055119.0
109,重庆农村商业银行,2011-05-30,5.537,5.55,5.59,5.7,5.55,5.66,46177957,261027019.0
110,重庆农村商业银行,2011-05-31,5.673,5.66,5.63,5.79,5.53,5.56,147519073,830492142.0
111,重庆农村商业银行,2011-06-01,5.586,5.56,5.54,5.56,5.33,5.36,68338982,373404633.0
112,重庆农村商业银行,2011-06-02,5.364,5.36,5.3,5.34,5.25,5.33,29974619,159098388.0
113,重庆农村商业银行,2011-06-03,5.356,5.33,5.3,5.32,5.12,5.14,46472000,241774427.0
114,重庆农村商业银行,2011-06-07,5.121,5.14,5.1,5.28,5.05,5.28,24638325,128159138.0
115,重庆农村商业银行,2011-06-08,5.295,5.28,5.26,5.27,5.13,5.17,13436000,69944370.0
116,重庆农村商业银行,2011-06-09,5.19,5.17,5.15,5.2,5.02,5.03,23598400,119661441.0
117,重庆农村商业银行,2011-06-10,5.049,5.03,5.03,5.09,4.85,4.9,19048000,94122929.0
118,重庆农村商业银行,2011-06-13,4.911,4.9,4.8,4.85,4.69,4.83,33131782,157957055.0
119,重庆农村商业银行,2011-06-14,4.824,4.83,4.8,4.95,4.75,4.87,26029970,127092837.0
120,重庆农村商业银行,2011-06-15,4.876,4.87,4.91,4.95,4.81,4.83,13261000,64716190.0
121,重庆农村商业银行,2011-06-16,4.84,4.83,4.82,4.82,4.7,4.76,15413000,72819690.0
122,重庆农村商业银行,2011-06-17,4.765,4.76,4.77,4.92,4.71,4.73,8950000,42867200.0
123,重庆农村商业银行,2011-06-20,4.779,4.73,4.74,4.79,4.41,4.43,35353000,159039803.0
124,重庆农村商业银行,2011-06-21,4.387,4.43,4.48,4.74,4.33,4.71,46622426,210177806.0
125,重庆农村商业银行,2011-06-22,4.758,4.71,4.69,4.73,4.4,4.42,34732000,156083745.0
126,重庆农村商业银行,2011-06-23,4.425,4.42,4.42,4.43,4.3,4.39,26994047,117988783.0
127,重庆农村商业银行,2011-06-24,4.362,4.39,4.4,4.6,4.39,4.57,29614625,134422443.0
128,重庆农村商业银行,2011-06-27,4.565,4.57,4.52,4.66,4.47,4.6,13773000,63359985.0
129,重庆农村商业银行,2011-06-28,4.611,4.6,4.63,4.66,4.51,4.53,11132000,50766356.0
130,重庆农村商业银行,2011-06-29,4.533,4.53,4.58,4.62,4.5,4.51,11151468,50916880.0
131,重庆农村商业银行,2011-06-30,4.499,4.51,4.54,4.6,4.54,4.58,6951771,31743532.0
132,重庆农村商业银行,2011-07-04,4.536,4.58,4.7,4.88,4.67,4.88,32382700,154140699.0
133,重庆农村商业银行,2011-07-05,4.897,4.88,4.88,4.88,4.71,4.77,12392000,58964149.0
134,重庆农村商业银行,2011-07-06,4.781,4.77,4.75,4.75,4.68,4.7,13146584,61698636.0
135,重庆农村商业银行,2011-07-07,4.697,4.7,4.73,4.8,4.7,4.72,59669000,283627561.0
136,重庆农村商业银行,2011-07-08,4.714,4.72,4.74,4.79,4.73,4.76,22798000,108334937.0
137,重庆农村商业银行,2011-07-11,4.777,4.76,4.76,4.76,4.61,4.65,14541000,68450052.0
138,重庆农村商业银行,2011-07-12,4.695,4.65,4.56,4.58,4.36,4.38,25716000,113904754.0
139,重庆农村商业银行,2011-07-13,4.372,4.38,4.45,4.53,4.4,4.43,14306000,63718915.0
140,重庆农村商业银行,2011-07-14,4.427,4.43,4.45,4.45,4.41,4.45,6805000,30210327.0
141,重庆农村商业银行,2011-07-15,4.46,4.45,4.44,4.44,4.38,4.39,4765000,20975110.0
142,重庆农村商业银行,2011-07-18,4.393,4.39,4.4,4.44,4.33,4.37,6431500,28190811.0
143,重庆农村商业银行,2011-07-19,4.39,4.37,4.35,4.35,4.17,4.25,17337881,73248932.0
144,重庆农村商业银行,2011-07-20,4.235,4.25,4.3,4.36,4.26,4.34,17391500,75394410.0
145,重庆农村商业银行,2011-07-21,4.329,4.34,4.34,4.41,4.34,4.41,7383100,32413096.0
146,重庆农村商业银行,2011-07-22,4.385,4.41,4.44,4.58,4.44,4.57,8305739,37597451.0
147,重庆农村商业银行,2011-07-25,4.59,4.57,4.49,4.5,4.42,4.45,4788629,21284486.0
148,重庆农村商业银行,2011-07-26,4.437,4.45,4.41,4.55,4.4,4.53,6200000,27897580.0
149,重庆农村商业银行,2011-07-27,4.528,4.53,4.47,4.57,4.47,4.54,3491000,15773425.0
150,重庆农村商业银行,2011-07-28,4.551,4.54,4.5,4.5,4.42,4.47,6658000,29554294.0
151,重庆农村商业银行,2011-07-29,4.464,4.47,4.47,4.52,4.41,4.51,8257000,36988391.0
152,重庆农村商业银行,2011-08-01,4.482,4.51,4.54,4.73,4.54,4.69,19425000,90859537.0
153,重庆农村商业银行,2011-08-02,4.701,4.69,4.69,4.69,4.56,4.62,3416000,15742450.0
154,重庆农村商业银行,2011-08-03,4.636,4.62,4.52,4.54,4.43,4.52,16557000,74359150.0
155,重庆农村商业银行,2011-08-04,4.54,4.52,4.51,4.56,4.34,4.4,18858000,82976816.0
156,重庆农村商业银行,2011-08-05,4.424,4.4,4.1,4.27,4.04,4.26,14505000,60401678.0
157,重庆农村商业银行,2011-08-08,4.289,4.26,4.11,4.2,4.02,4.1,17953769,73135120.0
158,重庆农村商业银行,2011-08-09,4.147,4.1,3.85,3.99,3.7,3.86,17452000,67548324.0
159,重庆农村商业银行,2011-08-10,3.893,3.86,4.01,4.02,3.65,3.7,18006000,68141055.0
160,重庆农村商业银行,2011-08-11,3.723,3.7,3.62,3.66,3.5,3.59,25906813,92710219.0
161,重庆农村商业银行,2011-08-12,3.586,3.59,3.66,3.72,3.55,3.61,23176000,84796195.0
162,重庆农村商业银行,2011-08-15,3.558,3.61,3.74,3.91,3.7,3.88,29614958,112321618.0
163,重庆农村商业银行,2011-08-16,3.837,3.88,3.94,4.21,3.94,4.12,37027000,152912085.0
164,重庆农村商业银行,2011-08-17,4.129,4.12,4.15,4.16,4.04,4.07,20293237,83286798.0
165,重庆农村商业银行,2011-08-18,4.096,4.07,4.08,4.09,3.88,3.93,8624000,34088895.0
166,重庆农村商业银行,2011-08-19,3.962,3.93,3.8,3.82,3.66,3.77,15345000,57117460.0
167,重庆农村商业银行,2011-08-22,3.788,3.77,3.69,3.8,3.52,3.68,8878000,32522630.0
168,重庆农村商业银行,2011-08-23,3.68,3.68,3.67,3.71,3.52,3.68,9889887,35887822.0
169,重庆农村商业银行,2011-08-24,3.691,3.68,3.71,3.79,3.59,3.63,10886723,40226015.0
170,重庆农村商业银行,2011-08-25,3.6,3.63,3.69,3.82,3.66,3.78,9615000,35982680.0
171,重庆农村商业银行,2011-08-26,3.796,3.78,3.74,3.82,3.66,3.7,6093000,22676730.0
172,重庆农村商业银行,2011-08-29,3.704,3.7,3.72,3.73,3.67,3.68,2750000,10151150.0
173,重庆农村商业银行,2011-08-30,3.67,3.68,3.73,3.83,3.71,3.73,12594000,47539071.0
174,重庆农村商业银行,2011-08-31,3.726,3.73,3.76,3.77,3.69,3.75,13801625,51530169.0
175,重庆农村商业银行,2011-09-01,3.731,3.75,3.78,3.91,3.73,3.85,40199085,153766431.0
176,重庆农村商业银行,2011-09-02,3.858,3.85,3.84,3.9,3.75,3.81,9671800,36793952.0
177,重庆农村商业银行,2011-09-05,3.845,3.81,3.72,3.74,3.63,3.64,5716000,20976205.0
178,重庆农村商业银行,2011-09-06,3.657,3.64,3.56,3.62,3.4,3.56,11745102,41160342.0
179,重庆农村商业银行,2011-09-07,3.545,3.56,3.57,3.65,3.56,3.63,3219418,11620184.0
180,重庆农村商业银行,2011-09-08,3.663,3.63,3.65,3.65,3.45,3.48,15604480,54712211.0
181,重庆农村商业银行,2011-09-09,3.491,3.48,3.47,3.53,3.42,3.43,9575000,33191136.0
182,重庆农村商业银行,2011-09-12,3.499,3.43,3.34,3.38,3.1,3.15,15888300,50879256.0
183,重庆农村商业银行,2011-09-14,3.213,3.15,3.21,3.21,2.83,2.92,40055063,117468905.0
184,重庆农村商业银行,2011-09-15,2.915,2.92,2.95,3.02,2.87,2.94,12517302,36976478.0
185,重庆农村商业银行,2011-09-16,2.902,2.94,3.0,3.16,3.0,3.09,15026256,46428548.0
186,重庆农村商业银行,2011-09-19,3.125,3.09,3.1,3.1,2.94,2.96,5210435,15657285.0
187,重庆农村商业银行,2011-09-20,2.957,2.96,2.96,3.01,2.89,2.97,3798000,11182620.0
188,重庆农村商业银行,2011-09-21,2.978,2.97,2.98,2.98,2.86,2.94,11275000,32951263.0
189,重庆农村商业银行,2011-09-22,3.016,2.94,2.85,2.85,2.69,2.69,14338179,39336666.0
190,重庆农村商业银行,2011-09-23,2.739,2.69,2.62,2.65,2.47,2.54,24081000,61079944.0
191,重庆农村商业银行,2011-09-26,2.578,2.54,2.53,2.67,2.41,2.43,28812000,72546385.0
192,重庆农村商业银行,2011-09-27,2.368,2.43,2.53,2.66,2.5,2.63,23350706,60940578.0
193,重庆农村商业银行,2011-09-28,2.677,2.63,2.62,2.62,2.47,2.49,23734000,60148672.0
194,重庆农村商业银行,2011-09-30,2.514,2.49,2.45,2.49,2.38,2.42,20646000,49928071.0
195,重庆农村商业银行,2011-10-03,2.49,2.42,2.31,2.39,2.22,2.24,21418775,48504008.0
196,重庆农村商业银行,2011-10-04,2.26,2.24,2.2,2.29,2.15,2.19,9792967,21506496.0
197,重庆农村商业银行,2011-10-06,2.156,2.19,2.32,2.35,2.24,2.28,13098813,30084431.0
198,重庆农村商业银行,2011-10-07,2.228,2.28,2.34,2.48,2.32,2.43,41373000,97728998.0
199,重庆农村商业银行,2011-10-10,2.444,2.43,2.46,2.48,2.33,2.39,8872421,21078391.0
200,重庆农村商业银行,2011-10-11,2.329,2.39,2.54,2.66,2.51,2.58,38837000,100009053.0
201,重庆农村商业银行,2011-10-12,2.527,2.58,2.55,2.78,2.53,2.76,29528038,79607548.0
202,重庆农村商业银行,2011-10-13,2.717,2.76,2.86,3.07,2.83,2.92,28510000,83279982.0
203,重庆农村商业银行,2011-10-14,2.904,2.92,2.87,3.07,2.86,2.98,27821000,82221343.0
204,重庆农村商业银行,2011-10-17,2.972,2.98,3.05,3.06,2.9,3.01,10142000,30190630.0
205,重庆农村商业银行,2011-10-18,3.086,3.01,2.87,2.9,2.7,2.75,17502000,48836020.0
206,重庆农村商业银行,2011-10-19,2.781,2.75,2.8,2.82,2.63,2.65,17974000,48626936.0
207,重庆农村商业银行,2011-10-20,2.669,2.65,2.64,2.64,2.54,2.59,9650713,24792618.0
208,重庆农村商业银行,2011-10-21,2.569,2.59,2.61,2.69,2.58,2.66,7271000,19178060.0
209,重庆农村商业银行,2011-10-24,2.599,2.66,2.71,2.92,2.71,2.88,14871935,42174710.0
210,重庆农村商业银行,2011-10-25,2.866,2.88,2.88,3.0,2.88,2.93,17249422,50889586.0
211,重庆农村商业银行,2011-10-26,2.887,2.93,2.93,3.13,2.91,3.1,35571400,108441826.0
212,重庆农村商业银行,2011-10-27,3.019,3.1,3.16,3.5,3.16,3.47,61486402,207245253.0
213,重庆农村商业银行,2011-10-28,3.435,3.47,3.55,3.69,3.55,3.64,46457710,169086307.0
214,重庆农村商业银行,2011-10-31,3.67,3.64,3.62,3.69,3.38,3.5,34287108,119526897.0
215,重庆农村商业银行,2011-11-01,3.552,3.5,3.3,3.43,3.21,3.28,29883000,99459639.0
216,重庆农村商业银行,2011-11-02,3.224,3.28,3.16,3.56,3.12,3.54,22988503,76995334.0
217,重庆农村商业银行,2011-11-03,3.517,3.54,3.46,3.79,3.42,3.65,35385000,129789606.0
218,重庆农村商业银行,2011-11-04,3.602,3.65,3.84,3.92,3.74,3.9,30287313,116663322.0
219,重庆农村商业银行,2011-11-07,3.934,3.9,3.95,3.95,3.69,3.73,14459113,54761425.0
220,重庆农村商业银行,2011-11-08,3.709,3.73,3.77,3.88,3.73,3.84,17268100,65608009.0
221,重庆农村商业银行,2011-11-09,3.828,3.84,3.91,3.94,3.84,3.9,12742100,49731844.0
222,重庆农村商业银行,2011-11-10,3.985,3.9,3.67,3.68,3.47,3.51,32933100,118289507.0
223,重庆农村商业银行,2011-11-11,3.47,3.51,3.56,3.78,3.56,3.71,18918246,69692623.0
224,重庆农村商业银行,2011-11-14,3.683,3.71,3.82,3.93,3.82,3.85,18382000,71320154.0
225,重庆农村商业银行,2011-11-15,3.835,3.85,3.8,3.95,3.77,3.93,10509000,40962875.0
226,重庆农村商业银行,2011-11-16,3.95,3.93,3.95,3.95,3.73,3.83,13053630,49841252.0
227,重庆农村商业银行,2011-11-17,3.824,3.83,3.73,3.92,3.73,3.86,11385000,44130170.0
228,重庆农村商业银行,2011-11-18,3.891,3.86,3.76,3.86,3.65,3.71,21766000,81447276.0
229,重庆农村商业银行,2011-11-21,3.758,3.71,3.6,3.64,3.41,3.49,23415000,81521210.0
230,重庆农村商业银行,2011-11-22,3.522,3.49,3.43,3.52,3.32,3.35,22762881,76983027.0
231,重庆农村商业银行,2011-11-23,3.379,3.35,3.34,3.34,3.18,3.23,15672000,50649394.0
232,重庆农村商业银行,2011-11-24,3.2,3.23,3.19,3.39,3.17,3.36,16287000,54112404.0
233,重庆农村商业银行,2011-11-25,3.389,3.36,3.25,3.33,3.23,3.24,5732000,18716770.0
234,重庆农村商业银行,2011-11-28,3.189,3.24,3.29,3.49,3.28,3.47,11214000,38113050.0
235,重庆农村商业银行,2011-11-29,3.481,3.47,3.5,3.51,3.37,3.42,8128000,27992300.0
236,重庆农村商业银行,2011-11-30,3.425,3.42,3.42,3.56,3.37,3.4,9839000,33975237.0
237,重庆农村商业银行,2011-12-01,3.306,3.4,3.77,3.95,3.72,3.89,35236072,135693936.0
238,重庆农村商业银行,2011-12-02,3.879,3.89,3.83,3.97,3.77,3.95,20494000,79440004.0
239,重庆农村商业银行,2011-12-05,3.932,3.95,3.95,4.07,3.87,4.05,17106000,68542750.0
240,重庆农村商业银行,2011-12-06,4.057,4.05,3.98,4.07,3.89,4.01,18431188,73322349.0
241,重庆农村商业银行,2011-12-07,3.994,4.01,4.03,4.13,3.99,4.1,13601031,55679392.0
242,重庆农村商业银行,2011-12-08,4.093,4.1,4.07,4.15,4.04,4.14,10867730,44569750.0
243,重庆农村商业银行,2011-12-09,4.17,4.14,4.03,4.12,3.96,3.98,7864719,31657271.0
244,重庆农村商业银行,2011-12-12,4.001,3.98,4.09,4.09,3.86,3.87,6060000,24048450.0
245,重庆农村商业银行,2011-12-13,3.878,3.87,3.83,3.86,3.76,3.83,8372634,31836100.0
246,重庆农村商业银行,2011-12-14,3.819,3.83,3.78,3.93,3.75,3.89,9022000,34874397.0
247,重庆农村商业银行,2011-12-15,3.882,3.89,3.89,3.96,3.76,3.93,12657439,49215834.0
248,重庆农村商业银行,2011-12-16,3.889,3.93,3.9,4.17,3.86,4.16,16459514,66825776.0
249,重庆农村商业银行,2011-12-19,4.195,4.16,4.08,4.16,3.97,3.97,15856000,64544810.0
250,重庆农村商业银行,2011-12-20,3.993,3.97,3.97,4.06,3.85,3.85,11940500,46874930.0
251,重庆农村商业银行,2011-12-21,3.826,3.85,3.96,4.0,3.9,3.98,9341755,36892900.0
252,重庆农村商业银行,2011-12-22,3.967,3.98,3.93,4.09,3.93,4.05,6326391,25520148.0
253,重庆农村商业银行,2011-12-23,4.043,4.05,4.1,4.1,4.02,4.09,3357000,13636360.0
254,重庆农村商业银行,2011-12-28,4.097,4.09,4.02,4.08,3.97,4.05,2042000,8195760.0
255,重庆农村商业银行,2011-12-29,4.059,4.05,3.99,4.05,3.95,4.0,4212030,16847370.0
256,重庆农村商业银行,2011-12-30,3.996,4.0,4.0,4.05,3.97,4.02,3994976,15993814.0
257,重庆农村商业银行,2012-01-03,4.005,4.02,4.08,4.12,4.02,4.1,7456961,30507947.0
258,重庆农村商业银行,2012-01-04,4.098,4.1,4.11,4.15,4.08,4.11,6808592,27993073.0
259,重庆农村商业银行,2012-01-05,4.11,4.11,4.11,4.13,4.04,4.11,5113592,20934503.0
260,重庆农村商业银行,2012-01-06,4.125,4.11,4.08,4.11,4.01,4.03,3773000,15204635.0
261,重庆农村商业银行,2012-01-09,4.021,4.03,4.01,4.1,3.86,4.08,8564821,33874800.0
262,重庆农村商业银行,2012-01-10,4.075,4.08,4.11,4.16,4.06,4.11,11862689,48466346.0
263,重庆农村商业银行,2012-01-11,4.076,4.11,4.15,4.36,4.11,4.31,22059750,92946087.0
264,重庆农村商业银行,2012-01-12,4.292,4.31,4.31,4.47,4.29,4.42,23476000,103147423.0
265,重庆农村商业银行,2012-01-13,4.398,4.42,4.49,4.57,4.39,4.56,21461000,96387206.0
266,重庆农村商业银行,2012-01-16,4.548,4.56,4.46,4.67,4.46,4.64,21659000,98661690.0
267,重庆农村商业银行,2012-01-17,4.637,4.64,4.69,4.72,4.61,4.66,22148997,103600512.0
268,重庆农村商业银行,2012-01-18,4.657,4.66,4.66,4.7,4.56,4.68,29268000,135988023.0
269,重庆农村商业银行,2012-01-19,4.673,4.68,4.7,4.84,4.69,4.73,36076800,172791066.0
270,重庆农村商业银行,2012-01-20,4.746,4.73,4.75,4.84,4.6,4.63,11344000,52652093.0
271,重庆农村商业银行,2012-01-26,4.645,4.63,4.68,4.72,4.51,4.54,18084860,82359566.0
272,重庆农村商业银行,2012-01-27,4.543,4.54,4.52,4.59,4.46,4.52,16158000,73282205.0
273,重庆农村商业银行,2012-01-30,4.545,4.52,4.48,4.51,4.34,4.37,12078000,53037771.0
274,重庆农村商业银行,2012-01-31,4.367,4.37,4.37,4.48,4.31,4.39,19238000,84520588.0
275,重庆农村商业银行,2012-02-01,4.392,4.39,4.38,4.54,4.35,4.38,14241000,63035081.0
276,重庆农村商业银行,2012-02-02,4.344,4.38,4.44,4.66,4.44,4.61,32377000,147869160.0
277,重庆农村商业银行,2012-02-03,4.613,4.61,4.6,4.63,4.55,4.59,18472550,84949357.0
278,重庆农村商业银行,2012-02-06,4.606,4.59,4.67,4.67,4.45,4.49,14001672,63878264.0
279,重庆农村商业银行,2012-02-07,4.487,4.49,4.53,4.56,4.46,4.51,5254025,23668990.0
280,重庆农村商业银行,2012-02-08,4.504,4.51,4.51,4.57,4.49,4.55,11444000,51972988.0
281,重庆农村商业银行,2012-02-09,4.55,4.55,4.58,4.65,4.48,4.55,20567002,93726834.0
282,重庆农村商业银行,2012-02-10,4.6,4.55,4.52,4.55,4.22,4.26,37422000,160928931.0
283,重庆农村商业银行,2012-02-13,4.27,4.26,4.25,4.27,4.11,4.2,34024004,142510522.0
284,重庆农村商业银行,2012-02-14,4.193,4.2,4.22,4.28,4.18,4.24,13336009,56505015.0
285,重庆农村商业银行,2012-02-15,4.212,4.24,4.24,4.43,4.2,4.41,23464214,102300884.0
286,重庆农村商业银行,2012-02-16,4.4,4.41,4.4,4.5,4.33,4.47,17534500,78018453.0
287,重庆农村商业银行,2012-02-17,4.462,4.47,4.49,4.57,4.39,4.52,13074000,58469118.0
288,重庆农村商业银行,2012-02-20,4.494,4.52,4.65,4.75,4.6,4.69,35434000,166081750.0
289,重庆农村商业银行,2012-02-21,4.693,4.69,4.7,4.7,4.55,4.67,13198000,61113800.0
290,重庆农村商业银行,2012-02-22,4.659,4.67,4.67,4.74,4.62,4.74,16153000,75843394.0
291,重庆农村商业银行,2012-02-23,4.74,4.74,4.73,4.75,4.65,4.74,9700000,45782570.0
292,重庆农村商业银行,2012-02-24,4.735,4.74,4.7,4.78,4.65,4.77,14656000,69200740.0
293,重庆农村商业银行,2012-02-27,4.798,4.77,4.75,4.75,4.57,4.59,6268000,29077509.0
294,重庆农村商业银行,2012-02-28,4.569,4.59,4.65,4.75,4.53,4.73,15489434,72219355.0
295,重庆农村商业银行,2012-02-29,4.721,4.73,4.73,4.8,4.69,4.79,23962000,114144735.0
296,重庆农村商业银行,2012-03-01,4.805,4.79,4.72,4.75,4.63,4.69,6541000,30623200.0
297,重庆农村商业银行,2012-03-02,4.7,4.69,4.74,4.74,4.6,4.63,12845666,59667702.0
298,重庆农村商业银行,2012-03-05,4.655,4.63,4.62,4.62,4.47,4.48,15893000,71727256.0
299,重庆农村商业银行,2012-03-06,4.512,4.48,4.46,4.47,4.28,4.29,17828000,76803130.0
300,重庆农村商业银行,2012-03-07,4.297,4.29,4.23,4.31,4.2,4.25,9872467,41989165.0
301,重庆农村商业银行,2012-03-08,4.224,4.25,4.25,4.42,4.25,4.41,11642664,50424843.0
302,重庆农村商业银行,2012-03-09,4.422,4.41,4.44,4.44,4.31,4.34,18288516,79517112.0
303,重庆农村商业银行,2012-03-12,4.359,4.34,4.37,4.37,4.22,4.23,9347556,39830241.0
304,重庆农村商业银行,2012-03-13,4.197,4.23,4.29,4.44,4.27,4.43,18705000,81884328.0
305,重庆农村商业银行,2012-03-14,4.435,4.43,4.51,4.56,4.35,4.4,19386000,86619082.0
306,重庆农村商业银行,2012-03-15,4.422,4.4,4.44,4.44,4.26,4.27,6829000,29656899.0
307,重庆农村商业银行,2012-03-16,4.282,4.27,4.28,4.33,4.2,4.2,20540000,86964721.0
308,重庆农村商业银行,2012-03-19,4.218,4.2,4.21,4.25,4.05,4.1,21515000,88825536.0
309,重庆农村商业银行,2012-03-20,4.079,4.1,4.2,4.23,4.03,4.22,69291111,288792665.0
310,重庆农村商业银行,2012-03-21,4.244,4.22,4.22,4.22,4.06,4.09,25613500,106077678.0
311,重庆农村商业银行,2012-03-22,4.081,4.09,4.09,4.15,4.09,4.14,18088316,74634235.0
312,重庆农村商业银行,2012-03-23,4.145,4.14,4.1,4.13,4.08,4.11,9081000,37293530.0
313,重庆农村商业银行,2012-03-26,4.148,4.11,4.15,4.15,3.86,3.91,28176000,111200124.0
314,重庆农村商业银行,2012-03-27,3.936,3.91,3.95,4.02,3.75,3.78,41842457,160893840.0
315,重庆农村商业银行,2012-03-28,3.776,3.78,3.78,3.83,3.75,3.8,18296000,69562038.0
316,重庆农村商业银行,2012-03-29,3.816,3.8,3.77,3.81,3.69,3.72,17099263,63674242.0
317,重庆农村商业银行,2012-03-30,3.722,3.72,3.68,3.77,3.65,3.71,24256324,89717058.0
318,重庆农村商业银行,2012-04-02,3.714,3.71,3.73,3.76,3.62,3.69,14030000,51323905.0
319,重庆农村商业银行,2012-04-03,3.653,3.69,3.73,3.9,3.7,3.88,26351003,101150390.0
320,重庆农村商业银行,2012-04-05,3.88,3.88,3.76,3.92,3.75,3.88,18761200,72119005.0
321,重庆农村商业银行,2012-04-10,3.89,3.88,3.8,3.87,3.77,3.83,9384000,36000953.0
322,重庆农村商业银行,2012-04-11,3.85,3.83,3.75,3.83,3.68,3.73,20378000,75928158.0
323,重庆农村商业银行,2012-04-12,3.694,3.73,3.75,3.94,3.75,3.92,27269000,105037728.0
324,重庆农村商业银行,2012-04-13,3.883,3.92,4.03,4.27,3.99,4.13,70750874,291851947.0
325,重庆农村商业银行,2012-04-16,4.195,4.13,4.1,4.1,3.78,3.8,75416540,293050738.0
326,重庆农村商业银行,2012-04-17,3.853,3.8,3.75,3.79,3.46,3.55,151233000,540175084.0
327,重庆农村商业银行,2012-04-18,3.533,3.55,3.58,3.68,3.52,3.63,75403000,272526116.0
328,重庆农村商业银行,2012-04-19,3.606,3.63,3.63,3.76,3.61,3.75,39870000,147118978.0
329,重庆农村商业银行,2012-04-20,3.764,3.75,3.74,3.74,3.68,3.68,27625576,102396381.0
330,重庆农村商业银行,2012-04-23,3.715,3.68,3.74,3.74,3.51,3.52,66891000,240098356.0
331,重庆农村商业银行,2012-04-24,3.507,3.52,3.54,3.6,3.52,3.58,26997000,96186407.0
332,重庆农村商业银行,2012-04-25,3.576,3.58,3.6,3.61,3.57,3.6,10400000,37292590.0
333,重庆农村商业银行,2012-04-26,3.596,3.6,3.6,3.63,3.59,3.62,17303000,62487517.0
334,重庆农村商业银行,2012-04-27,3.626,3.62,3.64,3.66,3.57,3.59,14241200,51260195.0
335,重庆农村商业银行,2012-04-30,3.59,3.59,3.61,3.62,3.54,3.59,26265000,94077510.0
336,重庆农村商业银行,2012-05-02,3.588,3.59,3.62,3.65,3.6,3.6,35175033,127490625.0
337,重庆农村商业银行,2012-05-03,3.611,3.6,3.61,3.61,3.54,3.55,19385000,69078300.0
338,重庆农村商业银行,2012-05-04,3.536,3.55,3.55,3.63,3.55,3.62,16647120,59969563.0
339,重庆农村商业银行,2012-05-07,3.629,3.62,3.56,3.63,3.56,3.58,25586000,91856051.0
340,重庆农村商业银行,2012-05-08,3.576,3.58,3.61,3.62,3.58,3.6,10009340,36070091.0
341,重庆农村商业银行,2012-05-09,3.608,3.6,3.59,3.59,3.53,3.56,17801200,63496219.0
342,重庆农村商业银行,2012-05-10,3.408,3.56,3.37,3.37,3.21,3.25,36766000,119690535.0
343,重庆农村商业银行,2012-05-11,3.248,3.25,3.25,3.27,3.2,3.26,12675012,41106559.0
344,重庆农村商业银行,2012-05-14,3.268,3.26,3.3,3.31,3.2,3.21,6603643,21466486.0
345,重庆农村商业银行,2012-05-15,3.212,3.21,3.18,3.23,3.14,3.2,12384063,39365716.0
346,重庆农村商业银行,2012-05-16,3.222,3.2,3.13,3.15,3.02,3.07,18472000,56860768.0
347,重庆农村商业银行,2012-05-17,3.084,3.07,3.08,3.11,2.95,2.99,17074214,51886876.0
348,重庆农村商业银行,2012-05-18,2.999,2.99,2.9,2.98,2.89,2.94,26041500,76469874.0
349,重庆农村商业银行,2012-05-21,2.926,2.94,2.94,3.06,2.94,3.02,31289000,93895340.0
350,重庆农村商业银行,2012-05-22,2.995,3.02,3.08,3.26,3.07,3.17,35437000,111469202.0
351,重庆农村商业银行,2012-05-23,3.175,3.17,3.13,3.21,3.1,3.14,23830357,74824896.0
352,重庆农村商业银行,2012-05-24,3.133,3.14,3.16,3.23,3.13,3.18,16215214,51591889.0
353,重庆农村商业银行,2012-05-25,3.18,3.18,3.17,3.26,3.16,3.18,14296000,45619455.0
354,重庆农村商业银行,2012-05-28,3.182,3.18,3.18,3.19,3.08,3.17,9307010,29278534.0
355,重庆农村商业银行,2012-05-29,3.156,3.17,3.16,3.28,3.14,3.26,10986002,35364436.0
356,重庆农村商业银行,2012-05-30,3.263,3.26,3.24,3.26,3.17,3.24,11689800,37482280.0
357,重庆农村商业银行,2012-05-31,3.229,3.24,3.17,3.33,3.16,3.31,14325501,46411167.0
358,重庆农村商业银行,2012-06-01,3.305,3.31,3.25,3.35,3.23,3.34,13382686,44440873.0
359,重庆农村商业银行,2012-06-04,3.359,3.34,3.22,3.25,3.16,3.22,16013547,51027840.0
360,重庆农村商业银行,2012-06-05,3.223,3.22,3.22,3.3,3.19,3.2,9229194,29974120.0
361,重庆农村商业银行,2012-06-06,3.183,3.2,3.26,3.31,3.25,3.31,14856000,48744293.0
362,重庆农村商业银行,2012-06-07,3.323,3.31,3.33,3.41,3.21,3.23,15263001,50848298.0
363,重庆农村商业银行,2012-06-08,3.256,3.23,3.26,3.26,3.02,3.08,32049000,98666285.0
364,重庆农村商业银行,2012-06-11,3.07,3.08,3.14,3.16,3.08,3.14,10827188,33870459.0
365,重庆农村商业银行,2012-06-12,3.133,3.14,3.12,3.22,3.09,3.18,16018320,50584565.0
366,重庆农村商业银行,2012-06-13,3.173,3.18,3.2,3.22,3.12,3.22,8060618,25610296.0
367,重庆农村商业银行,2012-06-14,3.225,3.22,3.2,3.24,3.17,3.19,4963147,15876005.0
368,重庆农村商业银行,2012-06-15,3.166,3.19,3.2,3.35,3.18,3.34,39362183,129703574.0
369,重庆农村商业银行,2012-06-18,3.348,3.34,3.38,3.42,3.28,3.29,9289002,31032412.0
370,重庆农村商业银行,2012-06-19,3.296,3.29,3.29,3.35,3.25,3.25,8606033,28274739.0
371,重庆农村商业银行,2012-06-20,3.255,3.25,3.26,3.28,3.19,3.22,9177771,29534482.0
372,重庆农村商业银行,2012-06-21,3.23,3.22,3.19,3.21,3.13,3.16,5891327,18653347.0
373,重庆农村商业银行,2012-06-22,3.17,3.16,3.1,3.16,3.1,3.1,5786310,18038826.0
374,重庆农村商业银行,2012-06-25,3.114,3.1,3.12,3.15,3.01,3.02,10632284,32423127.0
375,重庆农村商业银行,2012-06-26,3.011,3.02,3.03,3.08,3.02,3.07,5731870,17461830.0
376,重庆农村商业银行,2012-06-27,3.067,3.07,3.06,3.14,3.05,3.09,5342000,16558590.0
377,重庆农村商业银行,2012-06-28,3.1,3.09,3.11,3.11,3.02,3.03,6492000,19765480.0
378,重庆农村商业银行,2012-06-29,3.016,3.03,3.05,3.12,3.04,3.11,8966657,27727674.0
379,重庆农村商业银行,2012-07-03,3.107,3.11,3.14,3.17,3.1,3.13,10256000,32206542.0
380,重庆农村商业银行,2012-07-04,3.13,3.13,3.16,3.17,3.11,3.13,7093214,22236349.0
381,重庆农村商业银行,2012-07-05,3.128,3.13,3.15,3.15,3.07,3.14,18402317,57143548.0
382,重庆农村商业银行,2012-07-06,3.149,3.14,3.16,3.16,3.07,3.09,10716000,33084685.0
383,重庆农村商业银行,2012-07-09,3.1,3.09,3.06,3.08,3.02,3.03,11865400,36074785.0
384,重庆农村商业银行,2012-07-10,3.021,3.03,3.04,3.08,3.04,3.08,4884000,14970370.0
385,重庆农村商业银行,2012-07-11,3.08,3.08,3.05,3.12,3.01,3.08,17435020,53335990.0
386,重庆农村商业银行,2012-07-12,3.101,3.08,3.1,3.1,2.93,2.96,34001326,101307362.0
387,重庆农村商业银行,2012-07-13,2.956,2.96,2.97,3.01,2.97,2.98,22474384,67108181.0
388,重庆农村商业银行,2012-07-16,2.986,2.98,3.0,3.02,2.9,2.95,15176857,45264678.0
389,重庆农村商业银行,2012-07-17,2.955,2.95,2.95,2.98,2.91,2.92,9550940,28137686.0
390,重庆农村商业银行,2012-07-18,2.922,2.92,2.92,2.94,2.88,2.91,7158846,20796850.0
391,重庆农村商业银行,2012-07-19,2.903,2.91,2.93,2.99,2.92,2.95,12230009,36240944.0
392,重庆农村商业银行,2012-07-20,2.945,2.95,2.97,3.0,2.95,2.98,7009214,20836426.0
393,重庆农村商业银行,2012-07-23,3.004,2.98,2.93,2.95,2.84,2.85,7127171,20588737.0
394,重庆农村商业银行,2012-07-24,2.858,2.85,2.85,2.88,2.81,2.81,8228772,23340136.0
395,重庆农村商业银行,2012-07-25,2.806,2.81,2.8,2.84,2.77,2.83,7821028,21913738.0
396,重庆农村商业银行,2012-07-26,2.834,2.83,2.82,2.85,2.8,2.81,5535276,15657319.0
397,重庆农村商业银行,2012-07-27,2.793,2.81,2.86,2.92,2.86,2.9,12347000,35753197.0
398,重庆农村商业银行,2012-07-30,2.887,2.9,2.95,2.97,2.92,2.97,13428344,39526798.0
399,重庆农村商业银行,2012-07-31,2.961,2.97,2.96,3.04,2.95,3.02,7942009,23754616.0
400,重庆农村商业银行,2012-08-01,3.01,3.02,3.01,3.09,2.99,3.08,9468000,28947580.0
401,重庆农村商业银行,2012-08-02,3.094,3.08,3.08,3.08,2.98,3.0,7466300,22626809.0
402,重庆农村商业银行,2012-08-03,2.998,3.0,2.99,3.02,2.94,3.01,5155546,15300055.0
403,重庆农村商业银行,2012-08-06,3.003,3.01,3.06,3.08,3.03,3.05,8560000,26081051.0
404,重庆农村商业银行,2012-08-07,3.05,3.05,3.06,3.09,3.04,3.05,8611000,26412875.0
405,重庆农村商业银行,2012-08-08,3.04,3.05,3.08,3.13,3.06,3.11,9559300,29658347.0
406,重庆农村商业银行,2012-08-09,3.103,3.11,3.12,3.18,3.09,3.15,15431000,48419660.0
407,重庆农村商业银行,2012-08-10,3.158,3.15,3.15,3.17,3.07,3.1,8218000,25576070.0
408,重庆农村商业银行,2012-08-13,3.095,3.1,3.11,3.14,3.1,3.13,5849000,18245730.0
409,重庆农村商业银行,2012-08-14,3.127,3.13,3.13,3.17,3.1,3.15,10050240,31487588.0
410,重庆农村商业银行,2012-08-15,3.155,3.15,3.15,3.15,3.11,3.12,6765012,21140874.0
411,重庆农村商业银行,2012-08-16,3.129,3.12,3.1,3.11,3.05,3.07,9288000,28520815.0
412,重庆农村商业银行,2012-08-17,3.073,3.07,3.1,3.1,3.02,3.05,5476000,16748395.0
413,重庆农村商业银行,2012-08-20,3.038,3.05,3.1,3.16,3.09,3.12,12672000,39479815.0
414,重庆农村商业银行,2012-08-21,3.087,3.12,3.16,3.34,3.15,3.33,33145000,108666925.0
415,重庆农村商业银行,2012-08-22,3.333,3.33,3.3,3.37,3.26,3.31,17745000,59129180.0
416,重庆农村商业银行,2012-08-23,3.31,3.31,3.35,3.35,3.26,3.31,8642923,28451591.0
417,重庆农村商业银行,2012-08-24,3.321,3.31,3.25,3.29,3.23,3.24,4371684,14235380.0
418,重庆农村商业银行,2012-08-27,3.253,3.24,3.28,3.28,3.14,3.16,4946010,15728691.0
419,重庆农村商业银行,2012-08-28,3.155,3.16,3.17,3.21,3.16,3.19,8067000,25723987.0
420,重庆农村商业银行,2012-08-29,3.193,3.19,3.19,3.19,3.14,3.17,4517967,14306169.0
421,重庆农村商业银行,2012-08-30,3.18,3.17,3.13,3.16,3.09,3.11,6356000,19815410.0
422,重庆农村商业银行,2012-08-31,3.099,3.11,3.06,3.2,3.05,3.18,12074220,37367295.0
423,重庆农村商业银行,2012-09-03,3.183,3.18,3.15,3.19,3.14,3.16,3753009,11877669.0
424,重庆农村商业银行,2012-09-04,3.181,3.16,3.12,3.17,3.04,3.04,5651567,17444130.0
425,重庆农村商业银行,2012-09-05,3.068,3.04,3.04,3.04,2.87,2.89,20604640,59910311.0
426,重庆农村商业银行,2012-09-06,2.898,2.89,2.9,2.9,2.8,2.85,25480690,72168756.0
427,重庆农村商业银行,2012-09-07,2.83,2.85,2.9,3.0,2.89,2.96,23996005,70891125.0
428,重庆农村商业银行,2012-09-10,2.956,2.96,2.97,3.0,2.93,2.98,6406500,19005765.0
429,重庆农村商业银行,2012-09-11,2.978,2.98,2.98,2.99,2.92,2.99,7152000,21138975.0
430,重庆农村商业银行,2012-09-12,2.992,2.99,3.01,3.03,2.94,2.98,22408600,66607131.0
431,重庆农村商业银行,2012-09-13,2.998,2.98,2.97,2.98,2.88,2.88,19306550,56240119.0
432,重庆农村商业银行,2012-09-14,2.869,2.88,2.94,2.98,2.93,2.94,38510000,113779912.0
433,重庆农村商业银行,2012-09-17,2.94,2.94,3.0,3.0,2.91,2.94,17546760,51631357.0
434,重庆农村商业银行,2012-09-18,2.944,2.94,2.94,2.96,2.9,2.92,11643870,34164004.0
435,重庆农村商业银行,2012-09-19,2.906,2.92,2.93,3.0,2.93,3.0,18848930,56104692.0
436,重庆农村商业银行,2012-09-20,2.998,3.0,3.0,3.01,2.97,3.01,19916680,59642417.0
437,重庆农村商业银行,2012-09-21,3.0,3.01,3.02,3.1,3.01,3.07,19170936,58774760.0
438,重庆农村商业银行,2012-09-24,3.072,3.07,3.09,3.09,3.03,3.06,5963446,18224980.0
439,重庆农村商业银行,2012-09-25,3.074,3.06,3.05,3.06,2.97,2.98,11173276,33471674.0
440,重庆农村商业银行,2012-09-26,2.991,2.98,2.91,2.95,2.91,2.92,11151979,32623567.0
441,重庆农村商业银行,2012-09-27,2.904,2.92,2.93,3.03,2.93,3.01,10070102,30107855.0
442,重庆农村商业银行,2012-09-28,3.001,3.01,3.02,3.06,2.99,3.06,11161892,33883308.0
443,重庆农村商业银行,2012-10-03,3.056,3.06,3.08,3.1,3.07,3.08,15971000,49261380.0
444,重庆农村商业银行,2012-10-04,3.067,3.08,3.08,3.16,3.08,3.16,17460000,54649432.0
445,重庆农村商业银行,2012-10-05,3.152,3.16,3.19,3.22,3.16,3.21,11452578,36610621.0
446,重庆农村商业银行,2012-10-08,3.217,3.21,3.2,3.22,3.13,3.17,14860903,47189595.0
447,重庆农村商业银行,2012-10-09,3.167,3.17,3.17,3.25,3.16,3.19,17369961,55676147.0
448,重庆农村商业银行,2012-10-10,3.188,3.19,3.18,3.22,3.14,3.2,11582001,36847803.0
449,重庆农村商业银行,2012-10-11,3.171,3.2,3.15,3.41,3.15,3.39,34277000,113408950.0
450,重庆农村商业银行,2012-10-12,3.378,3.39,3.39,3.48,3.36,3.47,24046000,82596880.0
451,重庆农村商业银行,2012-10-15,3.474,3.47,3.46,3.53,3.4,3.44,17806000,61544782.0
452,重庆农村商业银行,2012-10-16,3.439,3.44,3.45,3.49,3.43,3.45,14253000,49219545.0
453,重庆农村商业银行,2012-10-17,3.43,3.45,3.52,3.6,3.48,3.59,19497333,69322089.0
454,重庆农村商业银行,2012-10-18,3.571,3.59,3.6,3.75,3.6,3.73,27222000,99946906.0
455,重庆农村商业银行,2012-10-19,3.726,3.73,3.71,3.79,3.71,3.76,21919000,82182232.0
456,重庆农村商业银行,2012-10-22,3.775,3.76,3.69,3.74,3.64,3.65,16216000,59816678.0
457,重庆农村商业银行,2012-10-24,3.65,3.65,3.63,3.7,3.59,3.65,12601000,46289920.0
458,重庆农村商业银行,2012-10-25,3.654,3.65,3.65,3.69,3.57,3.62,9277040,33565257.0
459,重庆农村商业银行,2012-10-26,3.629,3.62,3.65,3.66,3.53,3.56,9918000,35533005.0
460,重庆农村商业银行,2012-10-29,3.549,3.56,3.57,3.8,3.57,3.64,6734000,24582360.0
461,重庆农村商业银行,2012-10-30,3.65,3.64,3.67,3.67,3.57,3.57,5466000,19645002.0
462,重庆农村商业银行,2012-10-31,3.56,3.57,3.6,3.65,3.6,3.64,6957511,25107526.0
463,重庆农村商业银行,2012-11-01,3.644,3.64,3.64,3.67,3.57,3.61,12985000,46993452.0
464,重庆农村商业银行,2012-11-02,3.603,3.61,3.68,3.68,3.63,3.66,11899000,43481331.0
465,重庆农村商业银行,2012-11-05,3.654,3.66,3.65,3.72,3.63,3.7,6400000,23626665.0
466,重庆农村商业银行,2012-11-06,3.696,3.7,3.74,3.75,3.66,3.73,8314000,30950815.0
467,重庆农村商业银行,2012-11-07,3.737,3.73,3.75,3.75,3.65,3.68,8707000,32053245.0
468,重庆农村商业银行,2012-11-08,3.692,3.68,3.6,3.68,3.57,3.6,10706002,38782254.0
469,重庆农村商业银行,2012-11-09,3.616,3.6,3.59,3.59,3.48,3.49,25557000,90888035.0
470,重庆农村商业银行,2012-11-12,3.485,3.49,3.53,3.54,3.5,3.52,6560317,23092800.0
471,重庆农村商业银行,2012-11-13,3.538,3.52,3.5,3.52,3.37,3.4,12120218,41358472.0
472,重庆农村商业银行,2012-11-14,3.387,3.4,3.42,3.5,3.4,3.49,14392000,49714623.0
473,重庆农村商业银行,2012-11-15,3.498,3.49,3.46,3.48,3.43,3.44,6280003,21690878.0
474,重庆农村商业银行,2012-11-16,3.448,3.44,3.48,3.48,3.38,3.39,5186000,17716300.0
475,重庆农村商业银行,2012-11-19,3.39,3.39,3.43,3.48,3.39,3.39,3864000,13170862.0
476,重庆农村商业银行,2012-11-20,3.403,3.39,3.44,3.45,3.29,3.31,11128000,37540247.0
477,重庆农村商业银行,2012-11-21,3.296,3.31,3.34,3.4,3.28,3.4,16194000,54141841.0
478,重庆农村商业银行,2012-11-22,3.394,3.4,3.4,3.45,3.35,3.44,11371000,38886868.0
479,重庆农村商业银行,2012-11-23,3.428,3.44,3.47,3.54,3.46,3.52,19179000,67001567.0
480,重庆农村商业银行,2012-11-26,3.522,3.52,3.58,3.58,3.5,3.51,4888000,17265935.0
481,重庆农村商业银行,2012-11-27,3.516,3.51,3.53,3.55,3.46,3.47,6525000,22891930.0
482,重庆农村商业银行,2012-11-28,3.473,3.47,3.47,3.49,3.4,3.45,7150000,24593065.0
483,重庆农村商业银行,2012-11-29,3.44,3.45,3.46,3.54,3.45,3.52,9407066,33038011.0
484,重庆农村商业银行,2012-11-30,3.514,3.52,3.55,3.57,3.51,3.56,16874412,59744771.0
485,重庆农村商业银行,2012-12-03,3.57,3.56,3.56,3.58,3.48,3.49,10548020,37194321.0
486,重庆农村商业银行,2012-12-04,3.492,3.49,3.49,3.49,3.43,3.48,8749052,30196601.0
487,重庆农村商业银行,2012-12-05,3.467,3.48,3.49,3.58,3.47,3.57,15641008,55450673.0
488,重庆农村商业银行,2012-12-06,3.582,3.57,3.57,3.61,3.48,3.49,19240010,67908268.0
489,重庆农村商业银行,2012-12-07,3.483,3.49,3.5,3.55,3.48,3.54,10865008,38312259.0
490,重庆农村商业银行,2012-12-10,3.519,3.54,3.55,3.69,3.55,3.69,36430000,132723650.0
491,重庆农村商业银行,2012-12-11,3.691,3.69,3.69,3.71,3.65,3.68,19482000,71633503.0
492,重庆农村商业银行,2012-12-12,3.67,3.68,3.71,3.77,3.68,3.75,32577788,121768057.0
493,重庆农村商业银行,2012-12-13,3.747,3.75,3.77,3.8,3.74,3.77,23074000,86892994.0
494,重庆农村商业银行,2012-12-14,3.747,3.77,3.75,3.98,3.75,3.95,41700005,162275150.0
495,重庆农村商业银行,2012-12-17,3.949,3.95,3.95,4.1,3.94,3.96,30826740,123587679.0
496,重庆农村商业银行,2012-12-18,3.955,3.96,4.0,4.08,3.93,4.0,21591262,86346789.0
497,重庆农村商业银行,2012-12-19,3.976,4.0,4.07,4.2,4.06,4.2,40570595,168435911.0
498,重庆农村商业银行,2012-12-20,4.211,4.2,4.19,4.19,4.04,4.11,22556000,92400380.0
499,重庆农村商业银行,2012-12-21,4.115,4.11,4.1,4.13,4.04,4.07,16044000,65217985.0
500,重庆农村商业银行,2012-12-24,4.069,4.07,4.04,4.14,4.02,4.08,5014000,20580925.0
501,重庆农村商业银行,2012-12-27,4.076,4.08,4.13,4.2,4.11,4.11,9295800,38648261.0
502,重庆农村商业银行,2012-12-28,4.1,4.11,4.25,4.25,4.12,4.19,12154333,50696598.0
503,重庆农村商业银行,2012-12-31,4.184,4.19,4.18,4.27,4.15,4.24,6647000,28060130.0
504,重庆农村商业银行,2013-01-02,4.22,4.24,4.28,4.43,4.26,4.42,23121392,101312228.0
505,重庆农村商业银行,2013-01-03,4.403,4.42,4.47,4.6,4.46,4.58,32525270,147433632.0
506,重庆农村商业银行,2013-01-04,4.589,4.58,4.56,4.56,4.41,4.5,18625447,83184333.0
507,重庆农村商业银行,2013-01-07,4.495,4.5,4.51,4.57,4.49,4.55,9396226,42624824.0
508,重庆农村商业银行,2013-01-08,4.555,4.55,4.51,4.6,4.44,4.51,19357849,87672571.0
509,重庆农村商业银行,2013-01-09,4.516,4.51,4.57,4.57,4.45,4.46,9570000,42863619.0
510,重庆农村商业银行,2013-01-10,4.469,4.46,4.46,4.56,4.3,4.38,24173000,107921638.0
511,重庆农村商业银行,2013-01-11,4.39,4.38,4.42,4.42,4.25,4.3,22591672,97052066.0
512,重庆农村商业银行,2013-01-14,4.284,4.3,4.34,4.45,4.3,4.44,25886711,113040531.0
513,重庆农村商业银行,2013-01-15,4.415,4.44,4.49,4.7,4.49,4.67,40195004,185910219.0
514,重庆农村商业银行,2013-01-16,4.668,4.67,4.7,4.71,4.58,4.69,25237000,116949925.0
515,重庆农村商业银行,2013-01-17,4.688,4.69,4.69,4.75,4.64,4.71,20440000,95799779.0
516,重庆农村商业银行,2013-01-18,4.68,4.71,4.76,5.02,4.7,5.01,54163189,265267276.0
517,重庆农村商业银行,2013-01-21,5.021,5.01,5.08,5.09,4.88,4.9,19728630,97691499.0
518,重庆农村商业银行,2013-01-22,4.884,4.9,4.94,5.06,4.82,5.06,18769873,93533965.0
519,重庆农村商业银行,2013-01-23,5.071,5.06,5.04,5.06,4.89,4.95,35059921,172924345.0
520,重庆农村商业银行,2013-01-24,4.951,4.95,4.95,4.98,4.92,4.94,27774000,137467790.0
521,重庆农村商业银行,2013-01-25,4.949,4.94,4.97,5.02,4.84,4.85,18583500,91170535.0
522,重庆农村商业银行,2013-01-28,4.852,4.85,4.81,4.91,4.75,4.83,17395793,83972088.0
523,重庆农村商业银行,2013-01-29,4.843,4.83,4.8,4.93,4.68,4.71,39543600,189385030.0
524,重庆农村商业银行,2013-01-30,4.707,4.71,4.75,4.8,4.68,4.74,25298295,119646146.0
525,重庆农村商业银行,2013-01-31,4.754,4.74,4.75,4.76,4.59,4.61,26121000,121014700.0
526,重庆农村商业银行,2013-02-01,4.589,4.61,4.62,4.82,4.54,4.81,27113527,127603013.0
527,重庆农村商业银行,2013-02-04,4.807,4.81,4.85,4.93,4.82,4.84,26853842,131277992.0
528,重庆农村商业银行,2013-02-05,4.855,4.84,4.79,4.8,4.65,4.7,21487906,102119558.0
529,重庆农村商业银行,2013-02-06,4.695,4.7,4.77,4.8,4.72,4.75,10490660,49838680.0
530,重庆农村商业银行,2013-02-07,4.77,4.75,4.78,4.78,4.57,4.57,22076008,101940783.0
531,重庆农村商业银行,2013-02-08,4.578,4.57,4.52,4.56,4.42,4.5,33578746,149994709.0
532,重庆农村商业银行,2013-02-14,4.484,4.5,4.6,4.68,4.55,4.65,12579000,58329523.0
533,重庆农村商业银行,2013-02-15,4.649,4.65,4.68,4.68,4.63,4.66,11116549,51723072.0
534,重庆农村商业银行,2013-02-18,4.663,4.66,4.68,4.72,4.61,4.63,13490000,62601172.0
535,重庆农村商业银行,2013-02-19,4.642,4.63,4.66,4.66,4.51,4.52,13135000,60080016.0
536,重庆农村商业银行,2013-02-20,4.524,4.52,4.56,4.6,4.43,4.48,19401000,86807021.0
537,重庆农村商业银行,2013-02-21,4.509,4.48,4.4,4.4,4.22,4.24,37509667,161360014.0
538,重庆农村商业银行,2013-02-22,4.241,4.24,4.19,4.29,4.17,4.23,23945004,101602117.0
539,重庆农村商业银行,2013-02-25,4.223,4.23,4.28,4.33,4.22,4.29,11702000,50015547.0
540,重庆农村商业银行,2013-02-26,4.302,4.29,4.24,4.33,4.17,4.19,19875202,84472703.0
541,重庆农村商业银行,2013-02-27,4.187,4.19,4.23,4.27,4.18,4.22,10179012,43085854.0
542,重庆农村商业银行,2013-02-28,4.205,4.22,4.28,4.38,4.23,4.35,19036740,82273317.0
543,重庆农村商业银行,2013-03-01,4.356,4.35,4.38,4.38,4.27,4.3,10206348,44046413.0
544,重庆农村商业银行,2013-03-04,4.317,4.3,4.3,4.32,4.15,4.16,19779010,82593121.0
545,重庆农村商业银行,2013-03-05,4.156,4.16,4.17,4.24,4.17,4.19,19911807,83567886.0
546,重庆农村商业银行,2013-03-06,4.179,4.19,4.26,4.33,4.25,4.28,15000000,64393312.0
547,重庆农村商业银行,2013-03-07,4.28,4.28,4.29,4.32,4.26,4.28,9114086,39138214.0
548,重庆农村商业银行,2013-03-08,4.27,4.28,4.3,4.4,4.3,4.37,17480100,76250155.0
549,重庆农村商业银行,2013-03-11,4.363,4.37,4.42,4.55,4.39,4.43,21512000,96246315.0
550,重庆农村商业银行,2013-03-12,4.438,4.43,4.43,4.51,4.3,4.36,14901686,65433680.0
551,重庆农村商业银行,2013-03-13,4.379,4.36,4.45,4.45,4.18,4.2,29813200,127010587.0
552,重庆农村商业银行,2013-03-14,4.188,4.2,4.26,4.31,4.15,4.3,22499561,95172331.0
553,重庆农村商业银行,2013-03-15,4.316,4.3,4.35,4.35,4.16,4.17,22036770,93327775.0
554,重庆农村商业银行,2013-03-18,4.179,4.17,4.06,4.12,4.03,4.1,12747814,52073654.0
555,重庆农村商业银行,2013-03-19,4.118,4.1,4.11,4.11,3.96,3.96,23261418,93380501.0
556,重庆农村商业银行,2013-03-20,3.926,3.96,4.0,4.28,3.98,4.25,29459993,122349181.0
557,重庆农村商业银行,2013-03-21,4.255,4.25,4.25,4.29,4.2,4.21,14066627,59627368.0
558,重庆农村商业银行,2013-03-22,4.221,4.21,4.17,4.22,4.08,4.12,11583287,48117838.0
559,重庆农村商业银行,2013-03-25,4.1,4.12,4.19,4.31,4.19,4.29,22081000,94234685.0
560,重庆农村商业银行,2013-03-26,4.292,4.29,4.26,4.3,4.21,4.27,14213654,60358330.0
561,重庆农村商业银行,2013-03-27,4.265,4.27,4.28,4.34,4.26,4.31,9212000,39567177.0
562,重庆农村商业银行,2013-03-28,4.33,4.31,4.31,4.31,4.09,4.15,24958000,103332250.0
563,重庆农村商业银行,2013-04-02,4.169,4.15,4.18,4.18,3.99,4.0,26594004,109454621.0
564,重庆农村商业银行,2013-04-03,3.994,4.0,4.05,4.08,4.03,4.05,8296000,33603475.0
565,重庆农村商业银行,2013-04-05,4.063,4.05,4.01,4.03,3.91,3.95,11967000,47219205.0
566,重庆农村商业银行,2013-04-08,3.951,3.95,3.94,4.05,3.91,3.94,8312000,32847630.0
567,重庆农村商业银行,2013-04-09,3.934,3.94,3.94,4.03,3.94,3.99,8012993,31980011.0
568,重庆农村商业银行,2013-04-10,3.981,3.99,4.04,4.09,3.96,4.06,16180002,65480309.0
569,重庆农村商业银行,2013-04-11,4.062,4.06,4.13,4.2,4.04,4.04,18004509,74141568.0
570,重庆农村商业银行,2013-04-12,4.037,4.04,4.1,4.15,4.04,4.06,11164000,45551050.0
571,重庆农村商业银行,2013-04-15,4.061,4.06,4.04,4.09,3.99,4.05,11625001,46933625.0
572,重庆农村商业银行,2013-04-16,4.05,4.05,4.01,4.12,3.96,4.05,12410000,50363352.0
573,重庆农村商业银行,2013-04-17,4.053,4.05,4.12,4.12,4.01,4.03,11352689,46069606.0
574,重庆农村商业银行,2013-04-18,4.029,4.03,4.01,4.08,4.0,4.04,10885002,43863058.0
575,重庆农村商业银行,2013-04-19,4.034,4.04,4.01,4.12,4.0,4.09,39009004,158825240.0
576,重庆农村商业银行,2013-04-22,4.083,4.09,4.1,4.16,4.1,4.15,43205144,178381735.0
577,重庆农村商业银行,2013-04-23,4.162,4.15,4.16,4.18,4.02,4.05,39882000,162624645.0
578,重庆农村商业银行,2013-04-24,4.046,4.05,4.08,4.1,4.03,4.08,25684000,104472105.0
579,重庆农村商业银行,2013-04-25,4.074,4.08,4.1,4.15,4.05,4.13,44036000,180369775.0
580,重庆农村商业银行,2013-04-26,4.122,4.13,4.16,4.25,4.14,4.2,26743804,112073317.0
581,重庆农村商业银行,2013-04-29,4.202,4.2,4.19,4.23,4.17,4.18,18696000,78408905.0
582,重庆农村商业银行,2013-04-30,4.175,4.18,4.19,4.28,4.19,4.22,19377000,81857845.0
583,重庆农村商业银行,2013-05-02,4.224,4.22,4.21,4.22,4.18,4.19,18139552,76173623.0
584,重庆农村商业银行,2013-05-03,4.188,4.19,4.28,4.28,4.19,4.21,16397046,69276097.0
585,重庆农村商业银行,2013-05-06,4.2,4.21,4.25,4.32,4.25,4.3,20538857,88327611.0
586,重庆农村商业银行,2013-05-07,4.3,4.3,4.34,4.34,4.28,4.3,15383000,66147350.0
587,重庆农村商业银行,2013-05-08,4.301,4.3,4.32,4.34,4.21,4.29,17672000,75635621.0
588,重庆农村商业银行,2013-05-09,4.291,4.29,4.3,4.32,4.26,4.28,15545220,66758059.0
589,重庆农村商业银行,2013-05-10,4.269,4.28,4.3,4.38,4.28,4.38,19402000,84258815.0
590,重庆农村商业银行,2013-05-13,4.385,4.38,4.38,4.4,4.31,4.34,18954000,82865519.0
591,重庆农村商业银行,2013-05-14,4.339,4.34,4.34,4.38,4.31,4.35,11463000,49725110.0
592,重庆农村商业银行,2013-05-15,4.144,4.35,4.16,4.19,4.03,4.05,21375523,86984163.0
593,重庆农村商业银行,2013-05-16,4.05,4.05,4.07,4.1,4.01,4.05,13751000,55636977.0
594,重庆农村商业银行,2013-05-20,4.047,4.05,4.05,4.15,4.05,4.1,23370003,96320573.0
595,重庆农村商业银行,2013-05-21,4.104,4.1,4.1,4.1,4.02,4.03,16812157,67942360.0
596,重庆农村商业银行,2013-05-22,4.029,4.03,4.06,4.08,4.03,4.05,17563000,71086469.0
597,重庆农村商业银行,2013-05-23,4.055,4.05,4.05,4.08,3.95,3.98,24732194,99316197.0
598,重庆农村商业银行,2013-05-24,3.977,3.98,4.01,4.05,4.0,4.03,18614451,75039806.0
599,重庆农村商业银行,2013-05-27,4.031,4.03,4.02,4.02,3.97,4.01,13751352,54931566.0
600,重庆农村商业银行,2013-05-28,4.014,4.01,3.98,3.99,3.9,3.95,21205565,83556844.0
601,重庆农村商业银行,2013-05-29,3.951,3.95,3.96,3.98,3.92,3.93,13413967,52874951.0
602,重庆农村商业银行,2013-05-30,3.933,3.93,3.93,3.93,3.8,3.88,23404957,90174469.0
603,重庆农村商业银行,2013-05-31,3.876,3.88,3.88,3.96,3.88,3.95,17576331,69027815.0
604,重庆农村商业银行,2013-06-03,3.956,3.95,3.85,3.92,3.83,3.86,12123643,46887011.0
605,重庆农村商业银行,2013-06-04,3.86,3.86,3.84,3.86,3.8,3.86,13227604,50772312.0
606,重庆农村商业银行,2013-06-05,3.862,3.86,3.85,3.85,3.79,3.82,7873000,30027443.0
607,重庆农村商业银行,2013-06-06,3.822,3.82,3.78,3.81,3.78,3.79,6265000,23769703.0
608,重庆农村商业银行,2013-06-07,3.79,3.79,3.79,3.82,3.78,3.79,6947516,26390962.0
609,重庆农村商业银行,2013-06-10,3.795,3.79,3.8,3.83,3.7,3.72,12904000,48369736.0
610,重庆农村商业银行,2013-06-11,3.73,3.72,3.72,3.72,3.51,3.58,27701100,99371164.0
611,重庆农村商业银行,2013-06-13,3.578,3.58,3.57,3.63,3.5,3.61,20392000,72409857.0
612,重庆农村商业银行,2013-06-14,3.607,3.61,3.67,3.67,3.58,3.65,21600000,78485562.0
613,重庆农村商业银行,2013-06-17,3.649,3.65,3.65,3.69,3.65,3.66,7698000,28182555.0
614,重庆农村商业银行,2013-06-18,3.661,3.66,3.66,3.69,3.61,3.65,7748887,28258418.0
615,重庆农村商业银行,2013-06-19,3.656,3.65,3.62,3.65,3.54,3.57,8935431,32051047.0
616,重庆农村商业银行,2013-06-20,3.584,3.57,3.54,3.56,3.39,3.39,15197900,52276762.0
617,重庆农村商业银行,2013-06-21,3.391,3.39,3.23,3.44,3.23,3.37,20951344,70446270.0
618,重庆农村商业银行,2013-06-24,3.383,3.37,3.31,3.37,3.15,3.21,27934848,90101024.0
619,重庆农村商业银行,2013-06-25,3.21,3.21,3.18,3.29,3.02,3.21,27807034,88094125.0
620,重庆农村商业银行,2013-06-26,3.204,3.21,3.28,3.32,3.19,3.29,26687721,86966031.0
621,重庆农村商业银行,2013-06-27,3.299,3.29,3.32,3.37,3.17,3.18,34280000,111993132.0
622,重庆农村商业银行,2013-06-28,3.171,3.18,3.2,3.3,3.2,3.29,26499336,86431234.0
623,重庆农村商业银行,2013-07-02,3.296,3.29,3.3,3.37,3.2,3.21,13288000,43047107.0
624,重庆农村商业银行,2013-07-03,3.225,3.21,3.19,3.23,3.02,3.03,35671930,110303706.0
625,重庆农村商业银行,2013-07-04,3.029,3.03,3.03,3.11,3.02,3.04,33213950,101565629.0
626,重庆农村商业银行,2013-07-05,3.037,3.04,3.09,3.12,3.06,3.08,21857464,67464360.0
627,重庆农村商业银行,2013-07-08,3.082,3.08,3.05,3.07,3.02,3.06,16181244,49349633.0
628,重庆农村商业银行,2013-07-09,3.061,3.06,3.09,3.09,3.03,3.05,8625000,26352140.0
629,重庆农村商业银行,2013-07-10,3.044,3.05,3.07,3.13,3.05,3.12,16930000,52363920.0
630,重庆农村商业银行,2013-07-11,3.102,3.12,3.14,3.37,3.14,3.35,30189000,99027105.0
631,重庆农村商业银行,2013-07-12,3.36,3.35,3.36,3.36,3.22,3.23,15620435,51061383.0
632,重庆农村商业银行,2013-07-15,3.231,3.23,3.22,3.29,3.21,3.22,9570460,31092773.0
633,重庆农村商业银行,2013-07-16,3.223,3.22,3.25,3.25,3.19,3.19,5470000,17571410.0
634,重庆农村商业银行,2013-07-17,3.191,3.19,3.21,3.21,3.16,3.18,13238000,42143220.0
635,重庆农村商业银行,2013-07-18,3.177,3.18,3.2,3.24,3.18,3.22,7741000,24869620.0
636,重庆农村商业银行,2013-07-19,3.22,3.22,3.24,3.26,3.18,3.22,9930059,31890987.0
637,重庆农村商业银行,2013-07-22,3.226,3.22,3.24,3.24,3.11,3.14,11110115,34918077.0
638,重庆农村商业银行,2013-07-23,3.129,3.14,3.13,3.28,3.13,3.28,28787003,93430011.0
639,重庆农村商业银行,2013-07-24,3.281,3.28,3.25,3.29,3.23,3.27,12702900,41491448.0
640,重庆农村商业银行,2013-07-25,3.27,3.27,3.28,3.3,3.26,3.27,6108000,20003827.0
641,重庆农村商业银行,2013-07-26,3.271,3.27,3.25,3.29,3.22,3.26,7043000,22925607.0
642,重庆农村商业银行,2013-07-29,3.267,3.26,3.27,3.27,3.17,3.18,7621000,24433990.0
643,重庆农村商业银行,2013-07-30,3.178,3.18,3.2,3.23,3.16,3.21,8666000,27741595.0
644,重庆农村商业银行,2013-07-31,3.213,3.21,3.2,3.25,3.16,3.17,12395000,39640310.0
645,重庆农村商业银行,2013-08-01,3.164,3.17,3.21,3.25,3.19,3.24,8302000,26737729.0
646,重庆农村商业银行,2013-08-02,3.239,3.24,3.26,3.28,3.24,3.25,8172000,26602865.0
647,重庆农村商业银行,2013-08-05,3.243,3.25,3.28,3.35,3.26,3.34,13177004,43751708.0
648,重庆农村商业银行,2013-08-06,3.343,3.34,3.31,3.32,3.25,3.3,7277329,23889230.0
649,重庆农村商业银行,2013-08-07,3.305,3.3,3.26,3.31,3.22,3.24,8339000,27128673.0
650,重庆农村商业银行,2013-08-08,3.242,3.24,3.23,3.26,3.19,3.21,5285000,16991770.0
651,重庆农村商业银行,2013-08-09,3.208,3.21,3.23,3.25,3.2,3.24,2476000,7990450.0
652,重庆农村商业银行,2013-08-12,3.231,3.24,3.25,3.38,3.23,3.36,29517000,98351121.0
653,重庆农村商业银行,2013-08-13,3.346,3.36,3.39,3.57,3.39,3.55,35207972,123492690.0
654,重庆农村商业银行,2013-08-15,3.55,3.55,3.57,3.6,3.52,3.55,15301000,54452425.0
655,重庆农村商业银行,2013-08-16,3.546,3.55,3.51,3.64,3.45,3.61,26088300,93340885.0
656,重庆农村商业银行,2013-08-19,3.609,3.61,3.56,3.67,3.56,3.63,9257000,33665175.0
657,重庆农村商业银行,2013-08-20,3.643,3.63,3.63,3.64,3.43,3.45,16678432,58666613.0
658,重庆农村商业银行,2013-08-21,3.451,3.45,3.43,3.48,3.41,3.44,11558268,39822713.0
659,重庆农村商业银行,2013-08-22,3.439,3.44,3.42,3.48,3.41,3.46,15998800,55157919.0
660,重庆农村商业银行,2013-08-23,3.458,3.46,3.48,3.52,3.46,3.49,11502000,40112818.0
661,重庆农村商业银行,2013-08-26,3.485,3.49,3.49,3.58,3.49,3.56,9161000,32523520.0
662,重庆农村商业银行,2013-08-27,3.565,3.56,3.58,3.63,3.47,3.49,24881200,88459171.0
663,重庆农村商业银行,2013-08-28,3.495,3.49,3.42,3.46,3.36,3.42,9630100,32917231.0
664,重庆农村商业银行,2013-08-29,3.415,3.42,3.46,3.5,3.44,3.48,5637000,19541475.0
665,重庆农村商业银行,2013-08-30,3.479,3.48,3.46,3.5,3.45,3.49,11354749,39465167.0
666,重庆农村商业银行,2013-09-02,3.484,3.49,3.51,3.59,3.48,3.57,17783252,63061014.0
667,重庆农村商业银行,2013-09-03,3.564,3.57,3.57,3.67,3.56,3.66,19798000,71870111.0
668,重庆农村商业银行,2013-09-04,3.654,3.66,3.62,3.75,3.61,3.75,20636600,76313517.0
669,重庆农村商业银行,2013-09-05,3.755,3.75,3.74,3.8,3.68,3.68,13243600,49122202.0
670,重庆农村商业银行,2013-09-06,3.682,3.68,3.68,3.71,3.63,3.65,9853200,36093707.0
671,重庆农村商业银行,2013-09-09,3.642,3.65,3.67,3.84,3.67,3.77,31473000,119030153.0
672,重庆农村商业银行,2013-09-10,3.767,3.77,3.85,3.93,3.8,3.82,30814300,118338035.0
673,重庆农村商业银行,2013-09-11,3.821,3.82,3.84,3.87,3.75,3.8,25857008,98425306.0
674,重庆农村商业银行,2013-09-12,3.798,3.8,3.85,3.96,3.82,3.83,36420600,140338530.0
675,重庆农村商业银行,2013-09-13,3.832,3.83,3.95,3.95,3.78,3.8,12342800,47096034.0
676,重庆农村商业银行,2013-09-16,3.791,3.8,3.84,3.95,3.84,3.94,16122900,62663430.0
677,重庆农村商业银行,2013-09-17,3.944,3.94,3.92,3.93,3.8,3.88,16891000,65344095.0
678,重庆农村商业银行,2013-09-18,3.88,3.88,3.88,3.89,3.82,3.87,7886419,30369402.0
679,重庆农村商业银行,2013-09-19,3.867,3.87,3.95,3.96,3.87,3.92,14314491,55855254.0
680,重庆农村商业银行,2013-09-23,3.922,3.92,3.9,3.92,3.88,3.89,8046184,31317546.0
681,重庆农村商业银行,2013-09-24,3.898,3.89,3.85,3.91,3.75,3.77,24802300,94243065.0
682,重庆农村商业银行,2013-09-25,3.767,3.77,3.78,3.82,3.76,3.81,13022000,49510638.0
683,重庆农村商业银行,2013-09-26,3.815,3.81,3.81,3.81,3.71,3.74,22103000,82709091.0
684,重庆农村商业银行,2013-09-27,3.742,3.74,3.74,3.76,3.68,3.71,10360359,38460209.0
685,重庆农村商业银行,2013-09-30,3.708,3.71,3.67,3.74,3.65,3.74,13210000,48908471.0
686,重庆农村商业银行,2013-10-02,3.741,3.74,3.79,3.82,3.71,3.72,16062421,60594363.59
687,重庆农村商业银行,2013-10-03,3.717,3.72,3.74,3.78,3.72,3.76,8147860,30566150.0
688,重庆农村商业银行,2013-10-04,3.759,3.76,3.76,3.82,3.73,3.78,13870692,52337081.71
689,重庆农村商业银行,2013-10-07,3.779,3.78,3.85,3.85,3.73,3.79,9124000,34379200.0
690,重庆农村商业银行,2013-10-08,3.78,3.79,3.76,3.95,3.76,3.94,15610795,60671821.05
691,重庆农村商业银行,2013-10-09,3.943,3.94,3.91,3.92,3.85,3.9,10989000,42725705.0
692,重庆农村商业银行,2013-10-10,3.901,3.9,3.9,3.91,3.83,3.88,13105000,50717775.0
693,重庆农村商业银行,2013-10-11,3.876,3.88,3.92,3.98,3.91,3.94,17706799,69985748.88
694,重庆农村商业银行,2013-10-15,3.935,3.94,3.98,4.03,3.96,4.02,18052476,72298296.53
695,重庆农村商业银行,2013-10-16,4.026,4.02,4.0,4.02,3.91,3.93,7446006,29319306.64
696,重庆农村商业银行,2013-10-17,3.929,3.93,3.95,3.97,3.9,3.95,9615600,37822477.0
697,重庆农村商业银行,2013-10-18,3.949,3.95,3.97,4.05,3.93,3.97,5599000,22248280.0
698,重庆农村商业银行,2013-10-21,3.971,3.97,4.01,4.01,3.91,3.96,9345300,37162923.0
699,重庆农村商业银行,2013-10-22,3.961,3.96,3.99,3.99,3.92,3.95,5225600,20582726.0
700,重庆农村商业银行,2013-10-23,3.959,3.95,3.99,4.0,3.81,3.82,10961600,42821063.0
701,重庆农村商业银行,2013-10-24,3.826,3.82,3.82,3.82,3.69,3.73,25295005,94781952.7
702,重庆农村商业银行,2013-10-25,3.732,3.73,3.73,3.8,3.66,3.7,19098000,70879040.24
703,重庆农村商业银行,2013-10-28,3.697,3.7,3.71,3.74,3.7,3.74,8834000,32860860.0
704,重庆农村商业银行,2013-10-29,3.728,3.74,3.7,3.92,3.7,3.92,20782000,79694918.0
705,重庆农村商业银行,2013-10-30,3.918,3.92,3.88,3.97,3.85,3.95,14162300,55255739.0
706,重庆农村商业银行,2013-10-31,3.953,3.95,3.9,3.95,3.88,3.91,12132800,47487411.0
707,重庆农村商业银行,2013-11-01,3.909,3.91,3.9,3.93,3.86,3.92,10028421,39056928.21
708,重庆农村商业银行,2013-11-04,3.918,3.92,3.92,3.96,3.9,3.95,20543342,80459973.2
709,重庆农村商业银行,2013-11-05,3.951,3.95,3.95,3.96,3.89,3.93,9521001,37452654.92
710,重庆农村商业银行,2013-11-06,3.932,3.93,3.91,3.94,3.88,3.89,12179000,47717815.0
711,重庆农村商业银行,2013-11-07,3.895,3.89,3.86,3.91,3.8,3.81,6886000,26385153.0
712,重庆农村商业银行,2013-11-08,3.808,3.81,3.8,3.84,3.77,3.84,7300820,27904302.2
713,重庆农村商业银行,2013-11-11,3.837,3.84,3.85,3.9,3.77,3.89,5661300,21802567.0
714,重庆农村商业银行,2013-11-12,3.891,3.89,3.91,3.91,3.85,3.88,6778000,26278617.0
715,重庆农村商业银行,2013-11-13,3.885,3.88,3.85,3.87,3.78,3.8,7368000,28060760.0
716,重庆农村商业银行,2013-11-14,3.801,3.8,3.84,3.85,3.74,3.78,10093000,38138099.0
717,重庆农村商业银行,2013-11-15,3.773,3.78,3.79,3.9,3.79,3.89,9800000,37831940.21
718,重庆农村商业银行,2013-11-18,3.873,3.89,3.94,4.19,3.94,4.18,62562364,255340220.64
719,重庆农村商业银行,2013-11-19,4.184,4.18,4.2,4.2,4.08,4.11,14817000,60903727.0
720,重庆农村商业银行,2013-11-20,4.113,4.11,4.03,4.1,4.0,4.06,158283000,622495944.0
721,重庆农村商业银行,2013-11-21,4.061,4.06,4.07,4.08,3.98,4.05,22564472,90649297.04
722,重庆农村商业银行,2013-11-22,4.049,4.05,4.09,4.2,4.04,4.06,12491166,51220635.02
723,重庆农村商业银行,2013-11-25,4.06,4.06,4.12,4.12,4.05,4.06,9342309,37967499.39
724,重庆农村商业银行,2013-11-26,4.066,4.06,4.06,4.06,3.95,3.97,16870184,67522923.12
725,重庆农村商业银行,2013-11-27,3.966,3.97,3.95,4.06,3.95,4.03,12446093,50139132.35
726,重庆农村商业银行,2013-11-28,4.03,4.03,4.05,4.08,4.0,4.03,8918658,36054459.87
727,重庆农村商业银行,2013-11-29,4.028,4.03,4.03,4.07,4.0,4.06,10944350,44270067.0
728,重庆农村商业银行,2013-12-02,4.061,4.06,4.05,4.06,4.0,4.04,16870000,68105415.0
729,重庆农村商业银行,2013-12-03,4.043,4.04,4.01,4.03,3.98,3.99,5553271,22195684.86
730,重庆农村商业银行,2013-12-04,3.991,3.99,3.93,4.03,3.93,3.98,11186015,44658356.85
731,重庆农村商业银行,2013-12-05,3.983,3.98,4.0,4.01,3.92,3.94,12839328,50621728.36
732,重庆农村商业银行,2013-12-06,3.941,3.94,3.93,3.98,3.92,3.93,8670700,34232241.0
733,重庆农村商业银行,2013-12-09,3.933,3.93,3.82,3.91,3.82,3.88,17771306,68746361.92
734,重庆农村商业银行,2013-12-10,3.883,3.88,3.87,3.91,3.82,3.83,12926731,49866464.73
735,重庆农村商业银行,2013-12-11,3.833,3.83,3.81,3.83,3.72,3.78,22597000,85021229.0
736,重庆农村商业银行,2013-12-12,3.777,3.78,3.76,3.83,3.75,3.82,12056000,45735337.0
737,重庆农村商业银行,2013-12-13,3.821,3.82,3.79,3.83,3.75,3.8,9422000,35854440.0
738,重庆农村商业银行,2013-12-16,3.801,3.8,3.75,3.81,3.75,3.79,9215902,34861980.44
739,重庆农村商业银行,2013-12-17,3.791,3.79,3.79,3.81,3.75,3.78,13573000,51254604.0
740,重庆农村商业银行,2013-12-18,3.78,3.78,3.78,3.81,3.75,3.78,9271000,35033840.0
741,重庆农村商业银行,2013-12-19,3.783,3.78,3.78,3.82,3.7,3.73,12640000,47505140.0
742,重庆农村商业银行,2013-12-20,3.733,3.73,3.75,3.77,3.66,3.68,11665300,42998389.0
743,重庆农村商业银行,2013-12-23,3.679,3.68,3.71,3.72,3.66,3.69,7387629,27233760.72
744,重庆农村商业银行,2013-12-24,3.686,3.69,3.72,3.76,3.68,3.75,3311953,12332698.92
745,重庆农村商业银行,2013-12-27,3.751,3.75,3.73,3.77,3.7,3.74,5978800,22314894.0
746,重庆农村商业银行,2013-12-30,3.74,3.74,3.76,3.8,3.7,3.74,4982830,18638603.12
747,重庆农村商业银行,2013-12-31,3.739,3.74,3.73,3.77,3.7,3.76,2297900,8615281.0
748,重庆农村商业银行,2014-01-02,3.763,3.76,3.76,3.78,3.71,3.71,9352000,35037695.0
749,重庆农村商业银行,2014-01-03,3.715,3.71,3.69,3.69,3.64,3.64,13297000,48669405.0
750,重庆农村商业银行,2014-01-06,3.643,3.64,3.64,3.66,3.53,3.6,11561060,41418386.4
751,重庆农村商业银行,2014-01-07,3.604,3.6,3.57,3.64,3.52,3.55,11078000,39482243.0
752,重庆农村商业银行,2014-01-08,3.545,3.55,3.57,3.63,3.52,3.62,9522900,34122676.0
753,重庆农村商业银行,2014-01-09,3.626,3.62,3.58,3.61,3.53,3.54,10289933,36671476.84
754,重庆农村商业银行,2014-01-10,3.54,3.54,3.52,3.55,3.51,3.54,6497960,22953616.4
755,重庆农村商业银行,2014-01-13,3.542,3.54,3.57,3.57,3.47,3.51,13651200,47786828.0
756,重庆农村商业银行,2014-01-14,3.514,3.51,3.5,3.52,3.43,3.45,16934900,58711067.0
757,重庆农村商业银行,2014-01-15,3.453,3.45,3.45,3.49,3.41,3.41,9517576,32780594.8
758,重庆农村商业银行,2014-01-16,3.408,3.41,3.44,3.46,3.36,3.44,12446800,42669390.0
759,重庆农村商业银行,2014-01-17,3.441,3.44,3.43,3.46,3.4,3.42,8392202,28774841.28
760,重庆农村商业银行,2014-01-20,3.422,3.42,3.41,3.43,3.37,3.4,7338795,24915728.9
761,重庆农村商业银行,2014-01-21,3.396,3.4,3.42,3.49,3.41,3.45,10996800,38092829.0
762,重庆农村商业银行,2014-01-22,3.449,3.45,3.47,3.49,3.41,3.46,17593000,60723475.1
763,重庆农村商业银行,2014-01-23,3.467,3.46,3.46,3.47,3.35,3.37,18368260,62259778.8
764,重庆农村商业银行,2014-01-24,3.375,3.37,3.34,3.35,3.3,3.31,23987000,79678240.0
765,重庆农村商业银行,2014-01-27,3.316,3.31,3.25,3.27,3.22,3.24,12449308,40475735.52
766,重庆农村商业银行,2014-01-28,3.238,3.24,3.21,3.3,3.21,3.27,9834824,32185678.48
767,重庆农村商业银行,2014-01-29,3.267,3.27,3.26,3.34,3.26,3.31,14444200,47982364.0
768,重庆农村商业银行,2014-01-30,3.312,3.31,3.24,3.31,3.24,3.29,7999000,26282487.0
769,重庆农村商业银行,2014-02-04,3.294,3.29,3.22,3.28,3.22,3.24,11270212,36748435.64
770,重庆农村商业银行,2014-02-05,3.242,3.24,3.24,3.3,3.2,3.22,5678664,18362340.32
771,重庆农村商业银行,2014-02-06,3.216,3.22,3.22,3.28,3.21,3.27,5692734,18490834.48
772,重庆农村商业银行,2014-02-07,3.269,3.27,3.28,3.31,3.26,3.28,8017309,26369020.07
773,重庆农村商业银行,2014-02-10,3.279,3.28,3.26,3.3,3.26,3.29,5757700,18933390.0
774,重庆农村商业银行,2014-02-11,3.284,3.29,3.3,3.38,3.27,3.37,19634200,65513076.0
775,重庆农村商业银行,2014-02-12,3.364,3.37,3.39,3.45,3.36,3.45,22557700,77165828.0
776,重庆农村商业银行,2014-02-13,3.451,3.45,3.45,3.48,3.39,3.44,14339109,49046973.6
777,重庆农村商业银行,2014-02-14,3.441,3.44,3.48,3.48,3.41,3.42,4668000,16029088.0
778,重庆农村商业银行,2014-02-17,3.421,3.42,3.45,3.47,3.39,3.41,12563000,42970567.0
779,重庆农村商业银行,2014-02-18,3.409,3.41,3.4,3.45,3.4,3.43,5962132,20412079.19
780,重庆农村商业银行,2014-02-19,3.428,3.43,3.42,3.52,3.4,3.45,12494000,43212326.0
781,重庆农村商业银行,2014-02-20,3.458,3.45,3.45,3.5,3.32,3.35,19969174,67787192.08
782,重庆农村商业银行,2014-02-21,3.351,3.35,3.37,3.4,3.31,3.33,10240000,34075220.0
783,重庆农村商业银行,2014-02-24,3.335,3.33,3.37,3.37,3.24,3.27,15043000,49213271.0
784,重庆农村商业银行,2014-02-25,3.272,3.27,3.27,3.3,3.23,3.24,12765000,41557422.0
785,重庆农村商业银行,2014-02-26,3.24,3.24,3.22,3.25,3.2,3.24,11803698,38077615.62
786,重庆农村商业银行,2014-02-27,3.238,3.24,3.22,3.29,3.22,3.27,11995419,39135716.56
787,重庆农村商业银行,2014-02-28,3.272,3.27,3.29,3.3,3.23,3.24,17354326,56437653.74
788,重庆农村商业银行,2014-03-03,3.242,3.24,3.22,3.25,3.2,3.22,12019000,38670580.0
789,重庆农村商业银行,2014-03-04,3.223,3.22,3.2,3.21,3.17,3.19,18814000,59965025.0
790,重庆农村商业银行,2014-03-05,3.192,3.19,3.21,3.23,3.17,3.17,8212349,26217621.86
791,重庆农村商业银行,2014-03-06,3.167,3.17,3.17,3.23,3.17,3.21,13336083,42738585.6
792,重庆农村商业银行,2014-03-07,3.204,3.21,3.23,3.29,3.22,3.28,9361000,30538551.0
793,重庆农村商业银行,2014-03-10,3.29,3.28,3.23,3.25,3.14,3.16,18162544,57793604.92
794,重庆农村商业银行,2014-03-11,3.159,3.16,3.15,3.2,3.15,3.17,9538023,30279678.8
795,重庆农村商业银行,2014-03-12,3.175,3.17,3.16,3.19,3.11,3.11,13369048,41938384.28
796,重庆农村商业银行,2014-03-13,3.108,3.11,3.13,3.19,3.12,3.13,13345643,41982464.73
797,重庆农村商业银行,2014-03-14,3.132,3.13,3.11,3.15,3.08,3.11,8888539,27558066.17
798,重庆农村商业银行,2014-03-17,3.109,3.11,3.11,3.13,3.09,3.12,4895768,15218659.08
799,重庆农村商业银行,2014-03-18,3.119,3.12,3.11,3.15,3.1,3.13,5411000,16924010.0
800,重庆农村商业银行,2014-03-19,3.132,3.13,3.15,3.17,3.11,3.11,5984000,18732000.0
801,重庆农村商业银行,2014-03-20,3.111,3.11,3.1,3.16,3.08,3.1,13228000,41360820.0
802,重庆农村商业银行,2014-03-21,3.089,3.1,3.1,3.26,3.1,3.24,11860400,37930389.69
803,重庆农村商业银行,2014-03-24,3.241,3.24,3.25,3.28,3.2,3.23,11688532,37757571.36
804,重庆农村商业银行,2014-03-25,3.233,3.23,3.21,3.24,3.19,3.19,7294100,23423671.0
805,重庆农村商业银行,2014-03-26,3.181,3.19,3.23,3.32,3.21,3.31,10753000,35288995.0
806,重庆农村商业银行,2014-03-27,3.309,3.31,3.28,3.34,3.26,3.32,12522000,41462970.0
807,重庆农村商业银行,2014-03-28,3.314,3.32,3.35,3.43,3.29,3.4,19187600,65268927.0
808,重庆农村商业银行,2014-03-31,3.4,3.4,3.42,3.42,3.34,3.4,12589600,42540152.0
809,重庆农村商业银行,2014-04-01,3.395,3.4,3.36,3.46,3.36,3.46,15493102,53199247.8
810,重庆农村商业银行,2014-04-02,3.461,3.46,3.47,3.47,3.4,3.44,10421000,35665180.0
811,重庆农村商业银行,2014-04-03,3.439,3.44,3.42,3.47,3.42,3.46,11007602,37916128.74
812,重庆农村商业银行,2014-04-04,3.461,3.46,3.44,3.46,3.41,3.44,5046000,17324500.0
813,重庆农村商业银行,2014-04-07,3.438,3.44,3.44,3.48,3.41,3.47,9502848,32745804.28
814,重庆农村商业银行,2014-04-08,3.463,3.47,3.45,3.57,3.42,3.57,15029000,53045920.0
815,重庆农村商业银行,2014-04-09,3.569,3.57,3.58,3.6,3.55,3.58,9769829,34885272.53
816,重庆农村商业银行,2014-04-10,3.583,3.58,3.56,3.58,3.49,3.54,18204110,64382722.1
817,重庆农村商业银行,2014-04-11,3.545,3.54,3.55,3.55,3.46,3.48,17905177,62862374.23
818,重庆农村商业银行,2014-04-14,3.476,3.48,3.48,3.53,3.46,3.53,5714610,20015535.2
819,重庆农村商业银行,2014-04-15,3.539,3.53,3.54,3.54,3.4,3.41,9650000,33205620.0
820,重庆农村商业银行,2014-04-16,3.409,3.41,3.4,3.45,3.4,3.43,4742800,16222740.0
821,重庆农村商业银行,2014-04-17,3.43,3.43,3.55,3.57,3.41,3.43,10844808,37714005.68
822,重庆农村商业银行,2014-04-22,3.427,3.43,3.4,3.49,3.37,3.47,21823072,74943899.07
823,重庆农村商业银行,2014-04-23,3.478,3.47,3.46,3.46,3.34,3.37,13117581,44230594.54
824,重庆农村商业银行,2014-04-24,3.368,3.37,3.4,3.41,3.37,3.4,6971000,23574159.0
825,重庆农村商业银行,2014-04-25,3.404,3.4,3.4,3.4,3.34,3.35,6352000,21327926.0
826,重庆农村商业银行,2014-04-28,3.351,3.35,3.35,3.37,3.32,3.34,5253400,17519076.0
827,重庆农村商业银行,2014-04-29,3.336,3.34,3.36,3.39,3.35,3.39,4024470,13534350.3
828,重庆农村商业银行,2014-04-30,3.389,3.39,3.39,3.4,3.37,3.4,5611000,18977055.0
829,重庆农村商业银行,2014-05-02,3.4,3.4,3.4,3.41,3.38,3.4,3847027,13039304.43
830,重庆农村商业银行,2014-05-05,3.4,3.4,3.4,3.42,3.4,3.4,8108000,27609556.0
831,重庆农村商业银行,2014-05-07,3.405,3.4,3.4,3.4,3.33,3.34,12835000,43250296.0
832,重庆农村商业银行,2014-05-08,3.339,3.34,3.37,3.4,3.34,3.35,7432068,25057773.48
833,重庆农村商业银行,2014-05-09,3.351,3.35,3.35,3.37,3.33,3.34,4990000,16703212.0
834,重庆农村商业银行,2014-05-12,3.336,3.34,3.34,3.41,3.33,3.4,8547068,28936617.12
835,重庆农村商业银行,2014-05-13,3.4,3.4,3.4,3.42,3.39,3.4,4808329,16358748.6
836,重庆农村商业银行,2014-05-14,3.395,3.4,3.39,3.48,3.39,3.47,6602550,22840854.5
837,重庆农村商业银行,2014-05-15,3.47,3.47,3.48,3.48,3.45,3.47,5493856,19066861.92
838,重庆农村商业银行,2014-05-16,3.472,3.47,3.45,3.46,3.43,3.44,3111000,10718033.0
839,重庆农村商业银行,2014-05-19,3.439,3.44,3.46,3.48,3.41,3.46,5428767,18757820.72
840,重庆农村商业银行,2014-05-20,3.459,3.46,3.47,3.52,3.46,3.48,4850000,16904960.0
841,重庆农村商业银行,2014-05-21,3.479,3.48,3.5,3.5,3.45,3.49,4954000,17245060.0
842,重庆农村商业银行,2014-05-22,3.486,3.49,3.5,3.57,3.47,3.55,7491257,26490933.94
843,重庆农村商业银行,2014-05-23,3.548,3.55,3.55,3.59,3.53,3.58,7566000,27050940.0
844,重庆农村商业银行,2014-05-26,3.582,3.58,3.6,3.6,3.5,3.55,7060000,24972960.0
845,重庆农村商业银行,2014-05-27,3.551,3.55,3.56,3.56,3.52,3.54,2254000,7966900.0
846,重庆农村商业银行,2014-05-28,3.538,3.54,3.55,3.58,3.54,3.57,8287000,29553655.0
847,重庆农村商业银行,2014-05-29,3.57,3.57,3.55,3.58,3.55,3.57,6482300,23172049.0
848,重庆农村商业银行,2014-05-30,3.569,3.57,3.58,3.6,3.57,3.58,8233195,29485634.05
849,重庆农村商业银行,2014-06-03,3.573,3.58,3.67,3.73,3.6,3.68,25096419,92282309.16
850,重庆农村商业银行,2014-06-04,3.679,3.68,3.69,3.72,3.65,3.7,24353325,89695342.13
851,重庆农村商业银行,2014-06-05,3.461,3.7,3.48,3.48,3.4,3.46,9233000,31813423.0
852,重庆农村商业银行,2014-06-06,3.46,3.46,3.46,3.49,3.42,3.47,11924000,41204809.0
853,重庆农村商业银行,2014-06-09,3.47,3.47,3.47,3.48,3.45,3.47,3608983,12518797.21
854,重庆农村商业银行,2014-06-10,3.47,3.47,3.52,3.6,3.48,3.6,19301000,68330841.0
855,重庆农村商业银行,2014-06-11,3.6,3.6,3.62,3.62,3.55,3.59,9359600,33572203.0
856,重庆农村商业银行,2014-06-12,3.59,3.59,3.6,3.6,3.54,3.58,11053000,39518140.0
857,重庆农村商业银行,2014-06-13,3.58,3.58,3.58,3.6,3.54,3.58,7424000,26571900.0
858,重庆农村商业银行,2014-06-16,3.58,3.58,3.6,3.6,3.55,3.59,11624900,41664728.0
859,重庆农村商业银行,2014-06-17,3.59,3.59,3.61,3.61,3.52,3.54,6593000,23410630.0
860,重庆农村商业银行,2014-06-18,3.54,3.54,3.58,3.58,3.52,3.53,11467582,40727852.82
861,重庆农村商业银行,2014-06-19,3.53,3.53,3.55,3.56,3.5,3.54,9069100,32067288.0
862,重庆农村商业银行,2014-06-20,3.54,3.54,3.53,3.57,3.51,3.57,8249390,29225276.4
863,重庆农村商业银行,2014-06-23,3.57,3.57,3.58,3.58,3.45,3.46,9489702,33291314.53
864,重庆农村商业银行,2014-06-24,3.46,3.46,3.48,3.54,3.48,3.5,8963000,31420203.0
865,重庆农村商业银行,2014-06-25,3.5,3.5,3.54,3.57,3.49,3.55,10570000,37522020.0
866,重庆农村商业银行,2014-06-26,3.55,3.55,3.55,3.6,3.55,3.59,10785029,38718054.4
867,重庆农村商业银行,2014-06-27,3.59,3.59,3.6,3.6,3.54,3.57,5622873,20030179.07
868,重庆农村商业银行,2014-06-30,3.57,3.57,3.57,3.59,3.53,3.58,8162000,29084310.0
869,重庆农村商业银行,2014-07-02,3.58,3.58,3.6,3.65,3.59,3.63,9251715,33476476.0
870,重庆农村商业银行,2014-07-03,3.63,3.63,3.66,3.67,3.61,3.64,4270173,15558609.99
871,重庆农村商业银行,2014-07-04,3.64,3.64,3.68,3.68,3.61,3.62,4057116,14746972.24
872,重庆农村商业银行,2014-07-07,3.62,3.62,3.61,3.63,3.58,3.62,5531000,19964185.0
873,重庆农村商业银行,2014-07-08,3.62,3.62,3.6,3.6,3.57,3.58,6440000,23086740.0
874,重庆农村商业银行,2014-07-09,3.58,3.58,3.56,3.58,3.5,3.54,6064000,21470960.0
875,重庆农村商业银行,2014-07-10,3.54,3.54,3.55,3.55,3.5,3.54,3203000,11314660.0
876,重庆农村商业银行,2014-07-11,3.54,3.54,3.52,3.56,3.52,3.55,5662000,20008962.5
877,重庆农村商业银行,2014-07-14,3.55,3.55,3.57,3.58,3.52,3.56,3193000,11337760.0
878,重庆农村商业银行,2014-07-15,3.56,3.56,3.56,3.58,3.51,3.54,4713000,16646365.0
879,重庆农村商业银行,2014-07-16,3.54,3.54,3.53,3.55,3.5,3.53,6181888,21771418.0
880,重庆农村商业银行,2014-07-17,3.53,3.53,3.54,3.56,3.5,3.53,5050000,17806425.0
881,重庆农村商业银行,2014-07-18,3.53,3.53,3.5,3.56,3.5,3.56,3979000,14081375.0
882,重庆农村商业银行,2014-07-21,3.56,3.56,3.58,3.58,3.54,3.57,3479000,12378075.0
883,重庆农村商业银行,2014-07-22,3.57,3.57,3.59,3.62,3.55,3.62,9889215,35542094.25
884,重庆农村商业银行,2014-07-23,3.62,3.62,3.63,3.68,3.61,3.67,6566000,24081305.0
885,重庆农村商业银行,2014-07-24,3.67,3.67,3.7,3.77,3.68,3.73,8949000,33335330.0
886,重庆农村商业银行,2014-07-25,3.73,3.73,3.76,3.77,3.74,3.75,9204368,34555167.2
887,重庆农村商业银行,2014-07-28,3.75,3.75,3.78,3.85,3.77,3.83,16923546,64646497.96
888,重庆农村商业银行,2014-07-29,3.83,3.83,3.88,3.88,3.8,3.85,20187000,77576050.0
889,重庆农村商业银行,2014-07-30,3.85,3.85,3.89,3.9,3.83,3.87,18984000,73570415.0
890,重庆农村商业银行,2014-07-31,3.87,3.87,3.87,3.87,3.8,3.86,12642000,48576809.0
891,重庆农村商业银行,2014-08-01,3.86,3.86,3.82,3.84,3.78,3.8,6693252,25490025.76
892,重庆农村商业银行,2014-08-04,3.8,3.8,3.84,3.89,3.8,3.87,10273699,39601384.24
893,重庆农村商业银行,2014-08-05,3.87,3.87,3.9,3.9,3.84,3.89,8773000,33960260.0
894,重庆农村商业银行,2014-08-06,3.89,3.89,3.91,3.95,3.83,3.93,12300056,47934906.2
895,重庆农村商业银行,2014-08-07,3.93,3.93,3.95,3.96,3.87,3.88,8516558,33413492.94
896,重庆农村商业银行,2014-08-08,3.88,3.88,3.9,3.9,3.76,3.79,5849332,22318070.8
897,重庆农村商业银行,2014-08-11,3.79,3.79,3.85,3.94,3.81,3.92,6254104,24268791.44
898,重庆农村商业银行,2014-08-12,3.92,3.92,3.92,3.95,3.9,3.92,7284358,28625181.1
899,重庆农村商业银行,2014-08-13,3.92,3.92,3.9,4.02,3.89,4.02,16319000,64772120.0
900,重庆农村商业银行,2014-08-14,4.02,4.02,4.04,4.07,3.98,4.06,14519000,58564185.0
901,重庆农村商业银行,2014-08-15,4.06,4.06,4.08,4.08,3.99,4.0,5841148,23506953.48
902,重庆农村商业银行,2014-08-18,4.0,4.0,3.99,3.99,3.75,3.76,33210200,126162890.0
903,重庆农村商业银行,2014-08-19,3.76,3.76,3.8,3.85,3.77,3.82,13610000,51923455.0
904,重庆农村商业银行,2014-08-20,3.82,3.82,3.8,3.84,3.8,3.84,5005772,19133543.71
905,重庆农村商业银行,2014-08-21,3.84,3.84,3.84,3.84,3.74,3.81,9773000,37029460.0
906,重庆农村商业银行,2014-08-22,3.81,3.81,3.86,3.86,3.76,3.81,9174000,34888419.0
907,重庆农村商业银行,2014-08-25,3.81,3.81,3.82,3.86,3.79,3.85,7990000,30546605.0
908,重庆农村商业银行,2014-08-26,3.85,3.85,3.86,3.9,3.82,3.9,7272000,28131180.0
909,重庆农村商业银行,2014-08-27,3.9,3.9,3.85,3.94,3.85,3.91,11127000,43422768.0
910,重庆农村商业银行,2014-08-28,3.91,3.91,3.92,3.92,3.82,3.85,12081041,46459260.62
911,重庆农村商业银行,2014-08-29,3.85,3.85,3.82,3.86,3.81,3.85,9154000,35121563.0
912,重庆农村商业银行,2014-09-01,3.85,3.85,3.86,3.93,3.84,3.92,9978000,38927850.0
913,重庆农村商业银行,2014-09-02,3.92,3.92,3.92,3.92,3.79,3.83,9749000,37172750.0
914,重庆农村商业银行,2014-09-03,3.83,3.83,3.81,3.87,3.79,3.86,16872000,64822038.0
915,重庆农村商业银行,2014-09-04,3.86,3.86,3.85,3.91,3.85,3.86,8274501,32064070.82
916,重庆农村商业银行,2014-09-05,3.86,3.86,3.86,3.9,3.86,3.88,7034129,27280678.94
917,重庆农村商业银行,2014-09-08,3.88,3.88,3.84,3.86,3.78,3.81,11561000,44024920.0
918,重庆农村商业银行,2014-09-10,3.81,3.81,3.82,3.82,3.74,3.76,10478000,39464175.0
919,重庆农村商业银行,2014-09-11,3.76,3.76,3.79,3.79,3.74,3.79,6607296,24879761.12
920,重庆农村商业银行,2014-09-12,3.79,3.79,3.76,3.8,3.75,3.79,9051254,34128784.58
921,重庆农村商业银行,2014-09-15,3.79,3.79,3.75,3.78,3.65,3.66,11859296,43933552.08
922,重庆农村商业银行,2014-09-16,3.66,3.66,3.64,3.71,3.63,3.66,6505083,23857958.8
923,重庆农村商业银行,2014-09-17,3.66,3.66,3.71,3.73,3.67,3.71,4866000,18009640.0
924,重庆农村商业银行,2014-09-18,3.71,3.71,3.7,3.7,3.62,3.65,8666257,31584879.3
925,重庆农村商业银行,2014-09-19,3.65,3.65,3.65,3.69,3.63,3.65,5301170,19406705.5
926,重庆农村商业银行,2014-09-22,3.65,3.65,3.67,3.67,3.59,3.6,8541901,30829052.59
927,重庆农村商业银行,2014-09-23,3.6,3.6,3.59,3.63,3.56,3.56,6637700,23829233.0
928,重庆农村商业银行,2014-09-24,3.56,3.56,3.55,3.67,3.55,3.66,7205000,26183640.0
929,重庆农村商业银行,2014-09-25,3.66,3.66,3.67,3.67,3.59,3.59,7792942,28193466.72
930,重庆农村商业银行,2014-09-26,3.59,3.59,3.57,3.62,3.57,3.61,5374000,19315905.0
931,重庆农村商业银行,2014-09-29,3.61,3.61,3.51,3.59,3.51,3.59,9678000,34476080.0
932,重庆农村商业银行,2014-09-30,3.59,3.59,3.55,3.6,3.51,3.52,11631000,41019610.0
933,重庆农村商业银行,2014-10-03,3.52,3.52,3.49,3.57,3.47,3.53,10109322,35524194.56
934,重庆农村商业银行,2014-10-06,3.53,3.53,3.5,3.65,3.5,3.64,12200329,43907131.37
935,重庆农村商业银行,2014-10-07,3.64,3.64,3.65,3.65,3.6,3.64,4108000,14892124.0
936,重庆农村商业银行,2014-10-08,3.64,3.64,3.59,3.62,3.57,3.59,4129000,14853915.0
937,重庆农村商业银行,2014-10-09,3.59,3.59,3.59,3.63,3.55,3.55,9643869,34553301.26
938,重庆农村商业银行,2014-10-10,3.55,3.55,3.55,3.58,3.44,3.52,13224000,46722190.0
939,重庆农村商业银行,2014-10-13,3.52,3.52,3.5,3.51,3.47,3.49,9291133,32444165.5
940,重庆农村商业银行,2014-10-14,3.49,3.49,3.46,3.55,3.46,3.51,2630000,9269580.0
941,重庆农村商业银行,2014-10-15,3.51,3.51,3.5,3.59,3.5,3.58,5675000,20236410.0
942,重庆农村商业银行,2014-10-16,3.58,3.58,3.55,3.64,3.54,3.63,13499000,48817361.0
943,重庆农村商业银行,2014-10-17,3.63,3.63,3.63,3.63,3.56,3.61,9925820,35607740.16
944,重庆农村商业银行,2014-10-20,3.61,3.61,3.58,3.65,3.58,3.64,3476319,12643999.35
945,重庆农村商业银行,2014-10-21,3.64,3.64,3.64,3.68,3.63,3.66,5344400,19544193.2
946,重庆农村商业银行,2014-10-22,3.66,3.66,3.68,3.69,3.64,3.67,3097000,11366105.0
947,重庆农村商业银行,2014-10-23,3.67,3.67,3.69,3.72,3.67,3.7,5691250,21049417.5
948,重庆农村商业银行,2014-10-24,3.7,3.7,3.73,3.74,3.67,3.73,6585000,24446938.0
949,重庆农村商业银行,2014-10-27,3.73,3.73,3.73,3.73,3.62,3.65,3267972,11944105.56
950,重庆农村商业银行,2014-10-28,3.65,3.65,3.65,3.72,3.65,3.72,3981000,14637522.0
951,重庆农村商业银行,2014-10-29,3.72,3.72,3.73,3.73,3.68,3.71,4727000,17526993.0
952,重庆农村商业银行,2014-10-30,3.71,3.71,3.71,3.74,3.62,3.64,6480000,23632972.0
953,重庆农村商业银行,2014-10-31,3.64,3.64,3.66,3.76,3.64,3.73,11945700,44390371.9
954,重庆农村商业银行,2014-11-03,3.73,3.73,3.75,3.88,3.75,3.87,28317008,108560421.6
955,重庆农村商业银行,2014-11-04,3.87,3.87,3.87,4.07,3.87,4.03,52878000,209681767.0
956,重庆农村商业银行,2014-11-05,4.03,4.03,4.0,4.07,3.98,4.07,19369609,78282506.29
957,重庆农村商业银行,2014-11-06,4.07,4.07,4.08,4.11,4.01,4.07,17203696,69872999.49
958,重庆农村商业银行,2014-11-07,4.07,4.07,4.01,4.15,4.01,4.13,21041000,86377170.0
959,重庆农村商业银行,2014-11-10,4.13,4.13,4.15,4.28,4.12,4.27,23673000,99782510.0
960,重庆农村商业银行,2014-11-11,4.27,4.27,4.27,4.41,4.25,4.34,19906790,86401680.2
961,重庆农村商业银行,2014-11-12,4.34,4.34,4.36,4.41,4.31,4.39,12910000,56320440.0
962,重庆农村商业银行,2014-11-13,4.39,4.39,4.34,4.41,4.27,4.27,8406909,36408041.97
963,重庆农村商业银行,2014-11-14,4.27,4.27,4.35,4.35,4.26,4.31,9063500,39030273.0
964,重庆农村商业银行,2014-11-17,4.31,4.31,4.3,4.36,4.13,4.15,5747000,24157196.0
965,重庆农村商业银行,2014-11-18,4.15,4.15,,4.29,4.15,4.19,14084000,59254835.0
966,重庆农村商业银行,2014-11-19,4.2,4.19,,4.22,4.13,4.21,4653332,19422819.48
967,重庆农村商业银行,2014-11-20,4.21,4.21,4.2,4.21,4.06,4.08,9349900,38601733.3
968,重庆农村商业银行,2014-11-21,4.08,4.08,4.08,4.22,4.06,4.21,18236437,75510732.13
969,重庆农村商业银行,2014-11-24,4.19,4.21,4.25,4.29,4.05,4.17,14122000,58259875.0
970,重庆农村商业银行,2014-11-25,4.16,4.17,4.09,4.16,4.07,4.12,12485210,51274314.7
971,重庆农村商业银行,2014-11-26,4.08,4.12,4.11,4.29,4.07,4.27,12815523,53686083.32
972,重庆农村商业银行,2014-11-27,4.27,4.27,4.3,4.3,4.19,4.23,3744000,15858680.0
973,重庆农村商业银行,2014-11-28,4.23,4.23,4.28,4.45,4.23,4.4,17923000,78169130.0
974,重庆农村商业银行,2014-12-01,4.39,4.4,4.32,4.38,4.17,4.17,10741000,45751290.0
975,重庆农村商业银行,2014-12-02,4.18,4.17,4.25,4.49,4.17,4.43,18545753,80967936.89
976,重庆农村商业银行,2014-12-03,4.46,4.43,4.5,4.59,4.29,4.39,12206180,54552850.24
977,重庆农村商业银行,2014-12-04,4.39,4.39,4.32,4.49,4.32,4.44,17250200,76085757.0
978,重庆农村商业银行,2014-12-05,4.44,4.44,4.48,4.59,4.34,4.53,29831579,134885905.34
979,重庆农村商业银行,2014-12-08,4.53,4.53,4.57,4.68,4.51,4.65,13304373,61521864.23
980,重庆农村商业银行,2014-12-09,4.65,4.65,4.65,4.68,4.41,4.48,15250754,69805359.94
981,重庆农村商业银行,2014-12-10,4.48,4.48,4.56,4.59,4.42,4.58,10618402,47966297.9
982,重庆农村商业银行,2014-12-11,4.58,4.58,4.6,4.6,4.44,4.53,5600575,25440177.5
983,重庆农村商业银行,2014-12-12,4.53,4.53,4.51,4.75,4.5,4.72,29863005,139323527.5
984,重庆农村商业银行,2014-12-15,4.72,4.72,4.7,4.7,4.56,4.6,8905866,40911319.94
985,重庆农村商业银行,2014-12-16,4.6,4.6,4.58,4.65,4.49,4.52,12800209,58139470.95
986,重庆农村商业银行,2014-12-17,4.52,4.52,4.55,4.66,4.5,4.61,15345642,70458468.42
987,重庆农村商业银行,2014-12-18,4.61,4.61,4.75,4.75,4.62,4.65,10567573,49613237.26
988,重庆农村商业银行,2014-12-19,4.65,4.65,4.7,4.73,4.62,4.67,6551325,30566988.25
989,重庆农村商业银行,2014-12-22,4.67,4.67,4.7,4.82,4.64,4.76,5987000,28505642.93
990,重庆农村商业银行,2014-12-23,4.76,4.76,4.73,4.84,4.68,4.82,9451000,45420340.0
991,重庆农村商业银行,2014-12-24,4.82,4.82,4.78,4.79,4.75,4.75,3482222,16612065.04
992,重庆农村商业银行,2014-12-29,4.75,4.75,4.82,4.88,4.77,4.81,9561364,46199921.32
993,重庆农村商业银行,2014-12-30,4.81,4.81,4.8,4.82,4.67,4.7,10707100,50748554.0
994,重庆农村商业银行,2014-12-31,4.7,4.7,4.73,4.84,4.68,4.83,11061500,52864625.0
995,重庆农村商业银行,2015-01-02,4.83,4.83,4.85,4.92,4.77,4.91,5982000,29146865.0
996,重庆农村商业银行,2015-01-05,4.91,4.91,4.91,4.96,4.87,4.95,9220875,45592021.0
997,重庆农村商业银行,2015-01-06,4.95,4.95,4.91,4.95,4.81,4.89,7216380,35331842.0
998,重庆农村商业银行,2015-01-07,4.89,4.89,4.8,5.09,4.8,4.94,19486443,97287355.55
999,重庆农村商业银行,2015-01-08,4.94,4.94,5.08,5.08,4.95,4.98,9190650,46023743.0
1000,重庆农村商业银行,2015-01-09,4.98,4.98,4.98,5.01,4.9,4.93,10909000,54158550.0
1001,重庆农村商业银行,2015-01-12,4.93,4.93,4.95,4.99,4.8,4.85,6016090,29214967.0
1002,重庆农村商业银行,2015-01-13,4.85,4.85,4.9,4.92,4.84,4.9,3095042,15120417.02
1003,重庆农村商业银行,2015-01-14,4.9,4.9,4.95,4.99,4.82,4.86,14275000,70008950.0
1004,重庆农村商业银行,2015-01-15,4.86,4.86,4.85,4.96,4.85,4.91,7619097,37515166.21
1005,重庆农村商业银行,2015-01-16,4.91,4.91,4.9,4.98,4.87,4.91,6543051,32074411.43
1006,重庆农村商业银行,2015-01-19,4.91,4.91,4.9,4.9,4.41,4.51,13839000,63851246.0
1007,重庆农村商业银行,2015-01-20,4.51,4.51,4.48,4.64,4.48,4.61,13669918,62827771.45
1008,重庆农村商业银行,2015-01-21,4.61,4.61,4.66,4.77,4.65,4.72,7807749,36721810.62
1009,重庆农村商业银行,2015-01-22,4.72,4.72,4.78,4.81,4.72,4.79,7377314,35251442.29
1010,重庆农村商业银行,2015-01-23,4.79,4.79,4.9,4.95,4.84,4.89,10640250,52217630.0
1011,重庆农村商业银行,2015-01-26,4.89,4.89,4.87,4.95,4.84,4.92,7112000,34791856.8
1012,重庆农村商业银行,2015-01-27,4.92,4.92,4.86,4.9,4.77,4.79,5594541,26884054.67
1013,重庆农村商业银行,2015-01-28,4.79,4.79,4.79,4.86,4.75,4.78,2650141,12692576.93
1014,重庆农村商业银行,2015-01-29,4.78,4.78,4.71,4.76,4.61,4.62,8872147,41330476.79
1015,重庆农村商业银行,2015-01-30,4.62,4.62,4.69,4.78,4.65,4.76,8143638,38536156.05
1016,重庆农村商业银行,2015-02-02,4.76,4.76,4.59,4.73,4.58,4.65,11410913,53050472.41
1017,重庆农村商业银行,2015-02-03,4.65,4.65,4.66,4.68,4.44,4.57,15552000,70956935.0
1018,重庆农村商业银行,2015-02-04,4.57,4.57,4.63,4.66,4.53,4.61,9214110,42514534.8
1019,重庆农村商业银行,2015-02-05,4.61,4.61,4.8,4.86,4.67,4.7,21808000,103741430.0
1020,重庆农村商业银行,2015-02-06,4.7,4.7,4.8,4.8,4.6,4.67,6460194,30197130.68
1021,重庆农村商业银行,2015-02-09,4.67,4.67,4.58,4.76,4.58,4.69,4792950,22398953.5
1022,重庆农村商业银行,2015-02-10,4.69,4.69,4.71,4.71,4.63,4.63,7721000,35967720.0
1023,重庆农村商业银行,2015-02-11,4.63,4.63,4.66,4.75,4.62,4.65,4503885,21061179.21
1024,重庆农村商业银行,2015-02-12,4.65,4.65,4.63,4.78,4.63,4.77,6905000,32743915.0
1025,重庆农村商业银行,2015-02-13,4.77,4.77,4.77,4.77,4.72,4.77,6281261,29849604.97
1026,重庆农村商业银行,2015-02-16,4.77,4.77,4.76,4.76,4.63,4.65,9395000,43928225.0
1027,重庆农村商业银行,2015-02-17,4.65,4.65,4.63,4.71,4.63,4.71,3440000,16101729.8
1028,重庆农村商业银行,2015-02-18,4.71,4.71,4.73,4.73,4.63,4.66,1931770,9037842.8
1029,重庆农村商业银行,2015-02-23,4.66,4.66,4.67,4.76,4.67,4.75,6495847,30776790.19
1030,重庆农村商业银行,2015-02-24,4.75,4.75,4.8,4.93,4.8,4.8,12191056,59015999.92
1031,重庆农村商业银行,2015-02-25,4.8,4.8,4.88,4.88,4.72,4.8,4991033,23803017.08
1032,重庆农村商业银行,2015-02-26,4.8,4.8,4.8,4.85,4.72,4.84,2919000,13989010.0
1033,重庆农村商业银行,2015-02-27,4.84,4.84,4.85,4.86,4.81,4.83,2302278,11118246.8
1034,重庆农村商业银行,2015-03-02,4.83,4.83,4.78,4.83,4.71,4.8,6880000,32857134.76
1035,重庆农村商业银行,2015-03-03,4.8,4.8,4.84,4.84,4.73,4.75,6072208,29042738.16
1036,重庆农村商业银行,2015-03-04,4.75,4.75,4.79,4.79,4.65,4.68,5525506,25979466.26
1037,重庆农村商业银行,2015-03-05,4.68,4.68,4.7,4.7,4.57,4.58,7165506,33131001.78
1038,重庆农村商业银行,2015-03-06,4.58,4.58,4.64,4.66,4.53,4.58,6109000,27955143.0
1039,重庆农村商业银行,2015-03-09,4.58,4.58,4.52,4.63,4.43,4.61,5860112,26674288.36
1040,重庆农村商业银行,2015-03-10,4.61,4.61,4.59,4.63,4.52,4.52,5195128,23659575.0
1041,重庆农村商业银行,2015-03-11,4.52,4.52,4.52,4.69,4.49,4.65,16904832,78080585.64
1042,重庆农村商业银行,2015-03-12,4.65,4.65,4.67,4.76,4.57,4.68,9109031,42602452.7
1043,重庆农村商业银行,2015-03-13,4.68,4.68,4.66,4.82,4.66,4.8,18924822,89856240.18
1044,重庆农村商业银行,2015-03-16,4.8,4.8,4.8,4.94,4.77,4.9,14574744,70680397.04
1045,重庆农村商业银行,2015-03-17,4.9,4.9,4.96,4.98,4.84,4.87,9196776,44832185.04
1046,重庆农村商业银行,2015-03-18,4.87,4.87,4.89,4.98,4.87,4.92,18031899,88674730.05
1047,重庆农村商业银行,2015-03-19,4.92,4.92,4.98,5.05,4.92,4.94,8376872,41618295.8
1048,重庆农村商业银行,2015-03-20,4.94,4.94,4.97,4.97,4.84,4.9,12523000,61232495.0
1049,重庆农村商业银行,2015-03-23,4.9,4.9,4.9,4.92,4.85,4.9,3265094,15959902.44
1050,重庆农村商业银行,2015-03-24,4.9,4.9,4.9,4.94,4.81,4.83,4022000,19495163.44
1051,重庆农村商业银行,2015-03-25,4.83,4.83,4.88,4.88,4.71,4.74,6013000,28599445.0
1052,重庆农村商业银行,2015-03-26,4.74,4.74,4.68,4.8,4.66,4.69,5307704,25105994.0
1053,重庆农村商业银行,2015-03-27,4.69,4.69,4.65,4.74,4.63,4.72,4599500,21571230.0
1054,重庆农村商业银行,2015-03-30,4.72,4.72,4.78,4.97,4.75,4.95,13046167,64125192.94
1055,重庆农村商业银行,2015-03-31,4.95,4.95,5.03,5.07,5.0,5.03,12291444,61683769.68
1056,重庆农村商业银行,2015-04-01,5.03,5.03,5.0,5.14,5.0,5.12,14619000,74712003.0
1057,重庆农村商业银行,2015-04-02,5.12,5.12,5.13,5.25,5.12,5.22,13355000,69292235.0
1058,重庆农村商业银行,2015-04-08,5.22,5.22,5.27,5.68,5.27,5.56,33528243,183569610.26
1059,重庆农村商业银行,2015-04-09,5.56,5.56,5.8,5.98,5.53,5.54,58368355,335947529.01
1060,重庆农村商业银行,2015-04-10,5.54,5.54,5.71,5.88,5.53,5.73,41488000,235891083.0
1061,重庆农村商业银行,2015-04-13,5.73,5.73,5.86,6.16,5.86,6.06,69485514,416255552.96
1062,重庆农村商业银行,2015-04-14,6.06,6.06,6.16,6.4,6.03,6.1,55461412,342080754.96
1063,重庆农村商业银行,2015-04-15,6.1,6.1,6.12,6.59,6.12,6.55,53791352,343996118.4
1064,重庆农村商业银行,2015-04-16,6.55,6.55,6.3,6.54,6.3,6.48,23080185,149254176.3
1065,重庆农村商业银行,2015-04-17,6.48,6.48,6.49,6.58,6.42,6.48,20169025,131088069.23
1066,重庆农村商业银行,2015-04-20,6.48,6.48,6.66,6.77,6.18,6.28,30904000,200814673.0
1067,重庆农村商业银行,2015-04-21,6.28,6.28,6.39,6.58,6.36,6.57,19110718,124210121.18
1068,重庆农村商业银行,2015-04-22,6.57,6.57,6.43,6.8,6.43,6.79,15149951,100932626.15
1069,重庆农村商业银行,2015-04-23,6.79,6.79,6.8,6.99,6.59,6.66,17682050,119545367.0
1070,重庆农村商业银行,2015-04-24,6.66,6.66,6.72,6.78,6.33,6.55,18062899,118842730.49
1071,重庆农村商业银行,2015-04-27,6.55,6.55,6.54,6.8,6.54,6.71,15836700,106156765.0
1072,重庆农村商业银行,2015-04-28,6.71,6.71,6.87,6.93,6.7,6.86,17138886,117276915.67
1073,重庆农村商业银行,2015-04-29,6.86,6.86,6.8,6.92,6.73,6.77,13667800,92841900.4
1074,重庆农村商业银行,2015-04-30,6.77,6.77,6.75,7.03,6.75,6.94,30282820,210350421.9
1075,重庆农村商业银行,2015-05-04,6.94,6.94,6.9,6.96,6.75,6.82,17909422,122227881.64
1076,重庆农村商业银行,2015-05-05,6.82,6.82,6.82,6.9,6.58,6.6,11893312,79374243.44
1077,重庆农村商业银行,2015-05-06,6.6,6.6,6.51,6.61,6.24,6.37,21152664,136555007.88
1078,重庆农村商业银行,2015-05-07,6.37,6.37,6.24,6.27,6.11,6.17,16788000,103655438.0
1079,重庆农村商业银行,2015-05-08,6.17,6.17,6.34,6.46,6.28,6.41,10063222,64172679.7
1080,重庆农村商业银行,2015-05-11,6.41,6.41,6.54,6.54,6.34,6.49,8111650,52263436.4
1081,重庆农村商业银行,2015-05-12,6.49,6.49,6.56,6.56,6.29,6.35,8478000,53907535.0
1082,重庆农村商业银行,2015-05-13,6.35,6.35,6.4,6.56,6.34,6.42,10347110,66697352.9
1083,重庆农村商业银行,2015-05-14,6.42,6.42,6.58,6.58,6.21,6.31,7294188,46234461.08
1084,重庆农村商业银行,2015-05-15,6.31,6.31,6.34,6.44,6.22,6.37,9382000,59377765.0
1085,重庆农村商业银行,2015-05-18,6.37,6.37,6.37,6.46,6.34,6.37,5326000,33959881.0
1086,重庆农村商业银行,2015-05-19,6.37,6.37,6.46,6.59,6.31,6.58,5867327,38260727.13
1087,重庆农村商业银行,2015-05-20,6.58,6.58,6.63,6.65,6.43,6.47,10265932,66786944.14
1088,重庆农村商业银行,2015-05-21,6.47,6.47,6.4,6.5,6.29,6.31,12316904,78098692.52
1089,重庆农村商业银行,2015-05-22,6.31,6.31,6.38,6.45,6.32,6.44,8583419,54972679.02
1090,重庆农村商业银行,2015-05-26,6.44,6.44,6.6,6.69,6.46,6.5,11985000,78593309.0
1091,重庆农村商业银行,2015-05-27,6.5,6.5,6.5,6.63,6.4,6.43,8792847,57095931.3
1092,重庆农村商业银行,2015-05-28,6.43,6.43,6.43,6.61,6.3,6.36,12836212,82561809.12
1093,重庆农村商业银行,2015-05-29,6.36,6.36,6.31,6.41,6.23,6.3,15536917,97988095.08
1094,重庆农村商业银行,2015-06-01,6.3,6.3,6.19,6.44,6.15,6.4,8274687,52300915.55
1095,重庆农村商业银行,2015-06-02,6.4,6.4,6.39,6.4,6.28,6.33,4023000,25481400.0
1096,重庆农村商业银行,2015-06-03,6.33,6.33,6.4,6.47,6.29,6.43,8249241,52794849.24
1097,重庆农村商业银行,2015-06-04,6.43,6.43,6.5,6.59,6.31,6.43,20885860,134461541.8
1098,重庆农村商业银行,2015-06-05,6.43,6.43,6.51,6.54,6.25,6.29,16557560,104810333.8
1099,重庆农村商业银行,2015-06-08,6.29,6.29,6.15,6.39,6.15,6.33,14376000,90855960.0
1100,重庆农村商业银行,2015-06-09,6.33,6.33,6.38,6.43,6.21,6.27,15046130,94884969.7
1101,重庆农村商业银行,2015-06-10,6.27,6.27,6.23,6.42,6.23,6.38,17191000,108490625.0
1102,重庆农村商业银行,2015-06-11,6.38,6.38,6.44,6.48,6.34,6.43,11373375,72917833.63
1103,重庆农村商业银行,2015-06-12,6.43,6.43,6.35,6.5,6.35,6.49,5009436,33121236.0
1104,重庆农村商业银行,2015-06-15,6.49,6.49,6.49,6.52,6.39,6.43,5366125,34529015.0
1105,重庆农村商业银行,2015-06-16,6.43,6.43,6.35,6.51,6.12,6.12,9183263,57524041.38
1106,重庆农村商业银行,2015-06-17,6.12,6.12,6.12,6.27,6.12,6.21,7247556,45051440.6
1107,重庆农村商业银行,2015-06-18,6.21,6.21,6.15,6.29,6.1,6.23,6022470,37281615.8
1108,重庆农村商业银行,2015-06-19,6.23,6.23,6.23,6.38,6.18,6.2,12236850,76749386.9
1109,重庆农村商业银行,2015-06-22,6.2,6.2,6.15,6.3,6.15,6.21,7127122,44310549.88
1110,重庆农村商业银行,2015-06-23,5.956,6.21,6.1,6.22,6.05,6.18,7227506,44359671.6
1111,重庆农村商业银行,2015-06-24,6.18,6.18,6.24,6.24,6.15,6.17,6111155,37772401.0
1112,重庆农村商业银行,2015-06-25,6.17,6.17,6.21,6.43,6.15,6.36,15296226,96896290.67
1113,重庆农村商业银行,2015-06-26,6.36,6.36,6.36,6.36,6.07,6.12,8344590,51633602.4
1114,重庆农村商业银行,2015-06-29,6.12,6.12,6.19,6.22,5.86,6.05,14604778,88436335.32
1115,重庆农村商业银行,2015-06-30,6.05,6.05,5.93,6.27,5.93,6.21,20194746,123198618.88
1116,重庆农村商业银行,2015-07-02,6.21,6.21,6.4,6.58,6.17,6.53,23367540,150837820.4
1117,重庆农村商业银行,2015-07-03,6.53,6.53,6.58,6.58,6.23,6.33,13118000,83431278.0
1118,重庆农村商业银行,2015-07-06,6.33,6.33,6.44,6.47,5.8,6.04,25273000,152619001.0
1119,重庆农村商业银行,2015-07-07,6.04,6.04,5.99,5.99,5.54,5.61,26705194,152235010.4
1120,重庆农村商业银行,2015-07-08,5.61,5.61,5.25,5.3,4.73,4.93,38258884,187677375.86
1121,重庆农村商业银行,2015-07-09,4.93,4.93,4.93,5.64,4.77,5.45,37413312,202347508.4
1122,重庆农村商业银行,2015-07-10,5.45,5.45,5.46,5.85,5.46,5.59,16050800,90709575.0
1123,重庆农村商业银行,2015-07-13,5.59,5.59,5.51,5.9,5.48,5.78,13110900,75569492.0
1124,重庆农村商业银行,2015-07-14,5.78,5.78,5.8,5.9,5.72,5.74,9210868,53165436.0
1125,重庆农村商业银行,2015-07-15,5.74,5.74,5.75,5.79,5.56,5.72,5992951,34079890.72
1126,重庆农村商业银行,2015-07-16,5.72,5.72,5.64,5.73,5.51,5.73,14034087,78906001.98
1127,重庆农村商业银行,2015-07-17,5.73,5.73,6.01,6.04,5.82,5.93,18371500,106231604.5
1128,重庆农村商业银行,2015-07-20,5.93,5.93,6.0,6.02,5.86,6.0,10672843,63448444.94
1129,重庆农村商业银行,2015-07-21,6.0,6.0,6.04,6.1,5.93,6.09,9686635,58343292.75
1130,重庆农村商业银行,2015-07-22,6.09,6.09,6.1,6.1,5.97,6.01,9782003,58824801.1
1131,重庆农村商业银行,2015-07-23,6.01,6.01,6.1,6.1,5.84,5.95,10641000,63209630.0
1132,重庆农村商业银行,2015-07-24,5.95,5.95,5.82,5.93,5.79,5.79,6910000,40469270.0
1133,重庆农村商业银行,2015-07-27,5.79,5.79,5.74,5.74,5.41,5.45,15774376,88258199.8
1134,重庆农村商业银行,2015-07-28,5.45,5.45,5.48,5.65,5.3,5.39,14494254,79103031.72
1135,重庆农村商业银行,2015-07-29,5.39,5.39,5.42,5.51,5.29,5.5,9256031,49948301.26
1136,重庆农村商业银行,2015-07-30,5.5,5.5,5.51,5.62,5.45,5.58,6213000,34561044.0
1137,重庆农村商业银行,2015-07-31,5.58,5.58,5.55,5.6,5.45,5.55,8701215,48070378.85
1138,重庆农村商业银行,2015-08-03,5.55,5.55,5.55,5.56,5.41,5.43,5790000,31734700.0
1139,重庆农村商业银行,2015-08-04,5.43,5.43,5.48,5.51,5.33,5.4,8140037,44131086.2
1140,重庆农村商业银行,2015-08-05,5.4,5.4,5.4,5.52,5.34,5.5,5593476,30528750.4
1141,重庆农村商业银行,2015-08-06,5.5,5.5,5.51,5.62,5.48,5.57,7875794,43893386.36
1142,重庆农村商业银行,2015-08-07,5.57,5.57,5.69,5.87,5.57,5.81,12737476,73335032.28
1143,重庆农村商业银行,2015-08-10,5.81,5.81,5.86,5.86,5.67,5.81,4731600,27324378.0
1144,重庆农村商业银行,2015-08-11,5.81,5.81,5.87,5.95,5.76,5.83,7930432,46327104.52
1145,重庆农村商业银行,2015-08-12,5.83,5.83,5.7,5.81,5.5,5.55,9434163,53303615.62
1146,重庆农村商业银行,2015-08-13,5.55,5.55,5.65,5.7,5.5,5.55,4911994,27424801.66
1147,重庆农村商业银行,2015-08-14,5.55,5.55,5.5,5.63,5.46,5.53,2685800,14828301.0
1148,重庆农村商业银行,2015-08-17,5.53,5.53,5.46,5.58,5.35,5.41,3519601,19079256.51
1149,重庆农村商业银行,2015-08-18,5.41,5.41,5.41,5.49,5.29,5.29,5663738,30329413.78
1150,重庆农村商业银行,2015-08-19,5.29,5.29,5.33,5.37,5.2,5.29,4980561,26280371.2
1151,重庆农村商业银行,2015-08-20,5.29,5.29,5.19,5.21,5.02,5.12,6448834,32913940.38
1152,重庆农村商业银行,2015-08-21,5.12,5.12,5.06,5.06,4.91,4.99,8163000,40525100.0
1153,重庆农村商业银行,2015-08-24,4.99,4.99,4.67,4.75,4.38,4.55,17867744,81042455.8
1154,重庆农村商业银行,2015-08-25,4.55,4.55,4.38,4.74,4.38,4.63,16838607,77828753.94
1155,重庆农村商业银行,2015-08-26,4.63,4.63,4.63,4.75,4.53,4.54,8662195,40053032.22
1156,重庆农村商业银行,2015-08-27,4.54,4.54,4.66,4.81,4.51,4.71,12288219,56922231.9
1157,重庆农村商业银行,2015-08-28,4.71,4.71,4.83,4.83,4.5,4.54,14856638,68494116.7
1158,重庆农村商业银行,2015-08-31,4.54,4.54,4.59,4.59,4.39,4.53,17150708,77166311.0
1159,重庆农村商业银行,2015-09-01,4.53,4.53,4.48,4.49,4.18,4.23,24333718,103920468.26
1160,重庆农村商业银行,2015-09-02,4.23,4.23,4.13,4.27,4.02,4.1,22382206,92751033.31
1161,重庆农村商业银行,2015-09-04,4.1,4.1,4.1,4.26,4.04,4.13,13058470,54111554.08
1162,重庆农村商业银行,2015-09-07,4.13,4.13,4.13,4.28,4.08,4.09,8245400,34365682.0
1163,重庆农村商业银行,2015-09-08,4.09,4.09,4.1,4.31,4.1,4.3,8642000,36387220.0
1164,重庆农村商业银行,2015-09-09,4.3,4.3,4.33,4.5,4.33,4.46,10025879,44558424.83
1165,重庆农村商业银行,2015-09-10,4.46,4.46,4.4,4.5,4.31,4.45,18775782,83285267.54
1166,重庆农村商业银行,2015-09-11,4.45,4.45,4.55,4.63,4.48,4.52,13165234,59532482.52
1167,重庆农村商业银行,2015-09-14,4.52,4.52,4.55,4.64,4.33,4.44,19711641,89080435.56
1168,重庆农村商业银行,2015-09-15,4.44,4.44,4.38,4.42,4.26,4.28,21064112,90958122.08
1169,重庆农村商业银行,2015-09-16,4.28,4.28,4.36,4.58,4.35,4.51,12247904,54794732.72
1170,重庆农村商业银行,2015-09-17,4.51,4.51,4.62,4.62,4.47,4.51,8308171,37640882.4
1171,重庆农村商业银行,2015-09-18,4.51,4.51,4.59,4.71,4.52,4.68,14684913,68448636.91
1172,重庆农村商业银行,2015-09-21,4.68,4.68,4.63,4.69,4.51,4.58,7376894,33716832.63
1173,重庆农村商业银行,2015-09-22,4.58,4.58,4.6,4.69,4.57,4.58,4676000,21659240.0
1174,重庆农村商业银行,2015-09-23,4.58,4.58,4.51,4.65,4.41,4.49,7447500,33358310.0
1175,重庆农村商业银行,2015-09-24,4.49,4.49,4.6,4.6,4.44,4.5,8328000,37496483.0
1176,重庆农村商业银行,2015-09-25,4.5,4.5,4.5,4.57,4.43,4.54,6879905,30845120.95
1177,重庆农村商业银行,2015-09-29,4.54,4.54,4.4,4.4,4.24,4.28,14334030,61507367.0
1178,重庆农村商业银行,2015-09-30,4.28,4.28,4.37,4.48,4.34,4.37,16822075,74022712.75
1179,重庆农村商业银行,2015-10-02,4.37,4.37,4.43,4.54,4.39,4.47,9732604,43698292.6
1180,重庆农村商业银行,2015-10-05,4.47,4.47,4.55,4.66,4.49,4.65,8945456,41101630.28
1181,重庆农村商业银行,2015-10-06,4.65,4.65,4.69,4.71,4.57,4.63,5517686,25463135.02
1182,重庆农村商业银行,2015-10-07,4.63,4.63,4.57,4.84,4.57,4.8,14061000,66035292.0
1183,重庆农村商业银行,2015-10-08,4.8,4.8,4.8,4.84,4.65,4.72,11505900,54128902.0
1184,重庆农村商业银行,2015-10-09,4.72,4.72,4.8,4.83,4.66,4.7,8596273,40871924.51
1185,重庆农村商业银行,2015-10-12,4.7,4.7,4.74,4.83,4.72,4.76,8934000,42577928.0
1186,重庆农村商业银行,2015-10-13,4.76,4.76,4.76,4.76,4.59,4.67,11237000,52113845.0
1187,重庆农村商业银行,2015-10-14,4.67,4.67,4.6,4.67,4.6,4.65,5780865,26873237.89
1188,重庆农村商业银行,2015-10-15,4.65,4.65,4.67,4.77,4.62,4.73,5494823,25939655.68
1189,重庆农村商业银行,2015-10-16,4.73,4.73,4.8,4.94,4.79,4.9,16359662,79568146.78
1190,重庆农村商业银行,2015-10-19,4.9,4.9,4.97,5.07,4.9,5.04,13754234,68013576.32
1191,重庆农村商业银行,2015-10-20,5.04,5.04,4.95,4.98,4.88,4.96,6659156,32813790.08
1192,重庆农村商业银行,2015-10-22,4.96,4.96,4.94,5.03,4.88,4.98,6739000,33360425.0
1193,重庆农村商业银行,2015-10-23,4.98,4.98,5.03,5.07,4.99,5.02,6989863,35119858.65
1194,重庆农村商业银行,2015-10-26,5.02,5.02,5.11,5.11,4.96,5.02,6175000,30975495.0
1195,重庆农村商业银行,2015-10-27,5.02,5.02,5.04,5.08,4.93,5.03,9728000,48582291.0
1196,重庆农村商业银行,2015-10-28,5.03,5.03,4.95,5.01,4.76,4.77,13685370,66053491.64
1197,重庆农村商业银行,2015-10-29,4.77,4.77,4.8,4.87,4.71,4.73,10550565,50445329.82
1198,重庆农村商业银行,2015-10-30,4.73,4.73,4.82,4.92,4.75,4.89,9826730,47846517.47
1199,重庆农村商业银行,2015-11-02,4.89,4.89,4.98,5.07,4.88,4.95,12095971,60074581.1
1200,重庆农村商业银行,2015-11-03,4.95,4.95,5.0,5.06,4.98,5.02,11028123,55270413.85
1201,重庆农村商业银行,2015-11-04,5.02,5.02,5.06,5.14,4.98,5.1,10227857,51891763.04
1202,重庆农村商业银行,2015-11-05,5.1,5.1,5.05,5.12,4.96,5.06,8384944,42452987.2
1203,重庆农村商业银行,2015-11-06,5.06,5.06,5.05,5.11,5.02,5.05,14360000,72443686.0
1204,重庆农村商业银行,2015-11-09,5.05,5.05,5.0,5.18,5.0,5.13,10163000,52060537.0
1205,重庆农村商业银行,2015-11-10,5.13,5.13,5.09,5.1,4.92,4.95,13259000,66250786.0
1206,重庆农村商业银行,2015-11-11,4.95,4.95,4.91,4.98,4.83,4.86,8497000,41410365.0
1207,重庆农村商业银行,2015-11-12,4.86,4.86,4.88,4.98,4.72,4.92,9481000,46096100.0
1208,重庆农村商业银行,2015-11-13,4.92,4.92,4.98,4.98,4.71,4.73,13072861,62314347.27
1209,重庆农村商业银行,2015-11-16,4.73,4.73,4.65,4.71,4.64,4.66,8773000,41031623.7
1210,重庆农村商业银行,2015-11-17,4.66,4.66,4.75,4.82,4.71,4.76,12568000,59801992.0
1211,重庆农村商业银行,2015-11-18,4.76,4.76,4.72,4.86,4.72,4.8,6624273,31791845.86
1212,重庆农村商业银行,2015-11-19,4.8,4.8,4.85,4.89,4.82,4.83,6149000,29830337.0
1213,重庆农村商业银行,2015-11-20,4.83,4.83,4.81,4.87,4.8,4.85,3657270,17728810.3
1214,重庆农村商业银行,2015-11-23,4.85,4.85,4.87,4.88,4.79,4.82,5793252,28009282.2
1215,重庆农村商业银行,2015-11-24,4.82,4.82,4.8,4.85,4.69,4.74,12966956,61445449.24
1216,重庆农村商业银行,2015-11-25,4.74,4.74,4.7,4.75,4.67,4.71,4408650,20734250.6
1217,重庆农村商业银行,2015-11-26,4.71,4.71,4.76,4.78,4.67,4.73,10548261,49749745.31
1218,重庆农村商业银行,2015-11-27,4.73,4.73,4.73,4.74,4.57,4.6,10955990,50728561.9
1219,重庆农村商业银行,2015-11-30,4.6,4.6,4.6,4.65,4.51,4.57,17953076,82234766.72
1220,重庆农村商业银行,2015-12-01,4.57,4.57,4.61,4.63,4.55,4.61,10877199,49903267.35
1221,重庆农村商业银行,2015-12-02,4.61,4.61,4.57,4.68,4.57,4.64,4005760,18605332.4
1222,重庆农村商业银行,2015-12-03,4.64,4.64,4.59,4.65,4.58,4.63,5278403,24328060.55
1223,重庆农村商业银行,2015-12-04,4.63,4.63,4.6,4.63,4.52,4.6,5828728,26628470.0
1224,重庆农村商业银行,2015-12-07,4.6,4.6,4.6,4.65,4.58,4.63,5471596,25270711.4
1225,重庆农村商业银行,2015-12-08,4.63,4.63,4.6,4.63,4.51,4.58,6110586,27895347.16
1226,重庆农村商业银行,2015-12-09,4.58,4.58,4.5,4.55,4.45,4.47,11409000,51291100.0
1227,重庆农村商业银行,2015-12-10,4.47,4.47,4.47,4.55,4.45,4.5,7969234,35958695.36
1228,重庆农村商业银行,2015-12-11,4.5,4.5,4.57,4.57,4.38,4.39,6688063,29586463.56
1229,重庆农村商业银行,2015-12-14,4.39,4.39,4.27,4.37,4.27,4.35,21256290,92315263.38
1230,重庆农村商业银行,2015-12-15,4.35,4.35,4.36,4.41,4.34,4.37,13372872,58428298.57
1231,重庆农村商业银行,2015-12-16,4.37,4.37,4.42,4.61,4.42,4.6,17506649,78429245.17
1232,重庆农村商业银行,2015-12-17,4.6,4.6,4.6,4.75,4.59,4.64,9636000,44880516.0
1233,重庆农村商业银行,2015-12-18,4.64,4.64,4.64,4.76,4.6,4.7,10793790,50695765.77
1234,重庆农村商业银行,2015-12-21,4.7,4.7,4.67,4.85,4.65,4.82,8025166,38428301.4
1235,重庆农村商业银行,2015-12-22,4.82,4.82,4.87,4.87,4.77,4.85,6373551,30780086.62
1236,重庆农村商业银行,2015-12-23,4.85,4.85,0.0,4.92,4.81,4.89,6760821,33015724.07
1237,重庆农村商业银行,2015-12-24,4.89,4.89,4.94,4.94,4.86,4.87,2512750,12284385.0
1238,重庆农村商业银行,2015-12-28,4.87,4.87,4.87,4.88,4.74,4.74,7345000,35140860.0
1239,重庆农村商业银行,2015-12-29,4.74,4.74,4.77,4.83,4.74,4.78,6210700,29711661.0
1240,重庆农村商业银行,2015-12-30,4.78,4.78,4.79,4.79,4.63,4.67,7038864,32913653.96
1241,重庆农村商业银行,2015-12-31,4.67,4.67,4.68,4.73,4.68,4.69,970000,4556810.0
1242,重庆农村商业银行,2016-01-04,4.69,4.69,4.68,4.7,4.53,4.58,5120560,23566979.0
1243,重庆农村商业银行,2016-01-05,4.58,4.58,4.52,4.68,4.52,4.55,6603982,30220696.7
1244,重庆农村商业银行,2016-01-06,4.55,4.55,4.57,4.57,4.37,4.38,28017035,123734697.5
1245,重庆农村商业银行,2016-01-07,4.38,4.38,4.37,4.41,4.18,4.19,23031727,98440903.82
1246,重庆农村商业银行,2016-01-08,4.19,4.19,4.25,4.26,4.19,4.21,15047098,63662542.6
1247,重庆农村商业银行,2016-01-11,4.21,4.21,4.1,4.12,3.98,3.99,21424680,86690294.76
1248,重庆农村商业银行,2016-01-12,3.99,3.99,3.99,4.05,3.95,3.96,14787160,59059444.2
1249,重庆农村商业银行,2016-01-13,3.96,3.96,4.0,4.04,3.98,3.98,17355346,69519826.07
1250,重庆农村商业银行,2016-01-14,3.98,3.98,3.93,3.96,3.88,3.91,18283606,72025480.15
1251,重庆农村商业银行,2016-01-15,3.91,3.91,3.93,3.96,3.76,3.77,36779130,141413727.5
1252,重庆农村商业银行,2016-01-18,3.77,3.77,3.7,3.86,3.65,3.76,10842580,41146988.2
1253,重庆农村商业银行,2016-01-19,3.76,3.76,3.75,3.95,3.75,3.91,13403800,52286821.0
1254,重庆农村商业银行,2016-01-20,3.91,3.91,3.87,3.89,3.74,3.74,10850698,41184890.86
1255,重庆农村商业银行,2016-01-21,3.74,3.74,3.72,3.82,3.63,3.67,23818000,88538088.5
1256,重庆农村商业银行,2016-01-22,3.67,3.67,3.77,3.84,3.73,3.81,9839400,37074515.5
1257,重庆农村商业银行,2016-01-25,3.81,3.81,3.82,3.89,3.78,3.82,5728400,21974804.0
1258,重庆农村商业银行,2016-01-26,3.82,3.82,3.76,3.83,3.6,3.61,20521099,75537782.29
1259,重庆农村商业银行,2016-01-27,3.61,3.61,3.68,3.73,3.64,3.72,7962000,29432538.0
1260,重庆农村商业银行,2016-01-28,3.72,3.72,3.67,3.76,3.66,3.75,5105000,19033960.0
1261,重庆农村商业银行,2016-01-29,3.75,3.75,3.71,3.95,3.71,3.94,12834000,49895950.0
1262,重庆农村商业银行,2016-02-01,3.94,3.94,3.88,3.91,3.75,3.79,15844184,60139732.72
1263,重庆农村商业银行,2016-02-02,3.79,3.79,3.75,3.79,3.7,3.71,13109967,49008258.44
1264,重庆农村商业银行,2016-02-03,3.71,3.71,3.68,3.68,3.61,3.63,16098168,58463971.91
1265,重庆农村商业银行,2016-02-04,3.63,3.63,3.68,3.69,3.62,3.63,8496495,30985914.7
1266,重庆农村商业银行,2016-02-05,3.63,3.63,3.6,3.71,3.58,3.68,4707500,17314080.0
1267,重庆农村商业银行,2016-02-11,3.68,3.68,3.6,3.63,3.5,3.51,8815490,31156874.8
1268,重庆农村商业银行,2016-02-12,3.51,3.51,3.5,3.61,3.44,3.47,12635800,44326996.0
1269,重庆农村商业银行,2016-02-15,3.47,3.47,3.56,3.73,3.53,3.69,16520000,59756330.0
1270,重庆农村商业银行,2016-02-16,3.69,3.69,3.73,3.77,3.69,3.73,8866790,33247355.0
1271,重庆农村商业银行,2016-02-17,3.73,3.73,3.71,3.77,3.66,3.69,15949521,59232346.26
1272,重庆农村商业银行,2016-02-18,3.69,3.69,3.75,3.81,3.72,3.74,12381000,46571139.0
1273,重庆农村商业银行,2016-02-19,3.74,3.74,3.74,3.8,3.74,3.78,7211754,27196364.32
1274,重庆农村商业银行,2016-02-22,3.78,3.78,3.79,3.83,3.76,3.82,5163000,19610065.0
1275,重庆农村商业银行,2016-02-23,3.82,3.82,3.85,3.85,3.78,3.81,3549000,13528325.0
1276,重庆农村商业银行,2016-02-24,3.81,3.81,3.8,3.83,3.72,3.77,5773000,21743972.37
1277,重庆农村商业银行,2016-02-25,3.77,3.77,3.81,3.81,3.62,3.63,8393724,30985917.9
1278,重庆农村商业银行,2016-02-26,3.63,3.63,3.7,3.73,3.67,3.7,5677941,21027148.78
1279,重庆农村商业银行,2016-02-29,3.7,3.7,3.74,3.74,3.62,3.64,7770000,28353945.0
1280,重庆农村商业银行,2016-03-01,3.64,3.64,3.66,3.67,3.56,3.61,20853500,74891030.59
1281,重庆农村商业银行,2016-03-02,3.61,3.61,3.68,3.8,3.65,3.78,21187225,79293807.5
1282,重庆农村商业银行,2016-03-03,3.78,3.78,3.81,3.84,3.77,3.82,8086000,30793070.0
1283,重庆农村商业银行,2016-03-04,3.82,3.82,3.82,3.95,3.81,3.92,23844000,92388058.0
1284,重庆农村商业银行,2016-03-07,3.92,3.92,4.0,4.08,3.98,4.0,11899795,47797236.95
1285,重庆农村商业银行,2016-03-08,4.0,4.0,3.95,3.97,3.9,3.96,15330262,60473793.74
1286,重庆农村商业银行,2016-03-09,3.96,3.96,3.9,3.96,3.88,3.96,14959202,58614615.65
1287,重庆农村商业银行,2016-03-10,3.96,3.96,3.99,4.01,3.92,3.95,9028587,35884458.65
1288,重庆农村商业银行,2016-03-11,3.95,3.95,3.95,4.01,3.93,3.99,20790904,82603495.21
1289,重庆农村商业银行,2016-03-14,3.99,3.99,4.0,4.04,3.96,4.03,11709011,47124854.77
1290,重庆农村商业银行,2016-03-15,4.03,4.03,3.99,4.04,3.97,4.03,9415906,37721003.48
1291,重庆农村商业银行,2016-03-16,4.03,4.03,4.0,4.02,3.92,3.96,10869090,43029973.9
1292,重庆农村商业银行,2016-03-17,3.96,3.96,3.9,4.02,3.9,4.0,19031745,75957315.7
1293,重庆农村商业银行,2016-03-18,4.0,4.0,4.05,4.08,4.0,4.05,19982011,80924264.91
1294,重庆农村商业银行,2016-03-21,4.05,4.05,4.1,4.15,4.06,4.12,18910000,77933951.0
1295,重庆农村商业银行,2016-03-22,4.12,4.12,4.12,4.16,4.08,4.1,13822000,56769715.0
1296,重庆农村商业银行,2016-03-23,4.1,4.1,4.09,4.13,4.03,4.06,9286000,37809281.0
1297,重庆农村商业银行,2016-03-24,4.06,4.06,4.08,4.08,3.97,3.98,17717076,71048422.68
1298,重庆农村商业银行,2016-03-29,3.98,3.98,3.97,4.02,3.94,3.97,6263000,24863095.0
1299,重庆农村商业银行,2016-03-30,3.97,3.97,3.97,4.1,3.97,4.08,12250043,49503133.72
1300,重庆农村商业银行,2016-03-31,4.08,4.08,4.09,4.12,4.03,4.1,15358000,62794370.0
1301,重庆农村商业银行,2016-04-01,4.1,4.1,4.11,4.11,3.98,4.05,15179494,61312671.0
1302,重庆农村商业银行,2016-04-05,4.05,4.05,4.03,4.1,3.94,3.96,16918313,67239440.78
1303,重庆农村商业银行,2016-04-06,3.96,3.96,3.96,4.0,3.92,3.99,7398000,29359065.0
1304,重庆农村商业银行,2016-04-07,3.99,3.99,3.98,4.04,3.93,3.95,12227059,48493494.82
1305,重庆农村商业银行,2016-04-08,3.95,3.95,3.94,3.99,3.84,3.96,12219000,47887774.0
1306,重庆农村商业银行,2016-04-11,3.96,3.96,3.98,4.06,3.94,4.05,5056920,20264455.6
1307,重庆农村商业银行,2016-04-12,4.05,4.05,4.04,4.09,4.03,4.05,5776451,23471128.12
1308,重庆农村商业银行,2016-04-13,4.05,4.05,4.08,4.12,4.05,4.12,32493500,133127135.0
1309,重庆农村商业银行,2016-04-14,4.12,4.12,4.16,4.24,4.15,4.17,21636398,90702989.26
1310,重庆农村商业银行,2016-04-15,4.17,4.17,4.2,4.2,4.14,4.17,5571938,23176895.04
1311,重庆农村商业银行,2016-04-18,4.17,4.17,4.14,4.14,4.06,4.1,6862558,28096702.22
1312,重庆农村商业银行,2016-04-19,4.1,4.1,4.15,4.16,4.11,4.14,10610490,43884529.2
1313,重庆农村商业银行,2016-04-20,4.14,4.14,4.15,4.16,4.06,4.11,5863217,24061567.31
1314,重庆农村商业银行,2016-04-21,4.11,4.11,4.12,4.18,4.08,4.14,15384802,63722873.56
1315,重庆农村商业银行,2016-04-22,4.14,4.14,4.14,4.15,4.1,4.11,7765575,32015281.0
1316,重庆农村商业银行,2016-04-25,4.11,4.11,4.1,4.14,4.06,4.07,8054000,32996150.0
1317,重庆农村商业银行,2016-04-26,4.07,4.07,4.06,4.12,4.02,4.12,6893798,28065229.78
1318,重庆农村商业银行,2016-04-27,4.12,4.12,4.1,4.12,4.04,4.11,4622390,18891059.6
1319,重庆农村商业银行,2016-04-28,4.11,4.11,4.12,4.15,4.09,4.11,6176000,25407205.0
1320,重庆农村商业银行,2016-04-29,4.11,4.11,4.13,4.19,4.06,4.09,18889000,77822970.0
1321,重庆农村商业银行,2016-05-03,4.09,4.09,4.09,4.1,4.0,4.02,12713000,51163970.0
1322,重庆农村商业银行,2016-05-04,4.02,4.02,4.0,4.05,3.99,4.03,10531212,42227696.64
1323,重庆农村商业银行,2016-05-05,4.03,4.03,4.0,4.03,3.99,4.01,7282000,29213326.0
1324,重庆农村商业银行,2016-05-06,4.01,4.01,4.02,4.02,3.93,3.94,8823850,34930580.0
1325,重庆农村商业银行,2016-05-09,3.94,3.94,3.95,3.97,3.9,3.92,6817999,26756716.4
1326,重庆农村商业银行,2016-05-10,3.92,3.92,3.9,3.92,3.84,3.85,19208575,74380310.5
1327,重庆农村商业银行,2016-05-11,3.85,3.85,3.86,3.89,3.77,3.79,16653518,63642446.3
1328,重庆农村商业银行,2016-05-12,3.79,3.79,3.79,3.81,3.76,3.8,9968060,37854554.4
1329,重庆农村商业银行,2016-05-13,3.8,3.8,3.78,3.79,3.7,3.72,12315000,46070050.0
1330,重庆农村商业银行,2016-05-16,3.72,3.72,3.72,3.77,3.7,3.71,8531951,31816103.82
1331,重庆农村商业银行,2016-05-17,3.71,3.71,3.73,3.82,3.7,3.8,7154914,26890568.46
1332,重庆农村商业银行,2016-05-18,3.8,3.8,3.72,3.77,3.72,3.76,8159088,30606778.28
1333,重庆农村商业银行,2016-05-19,3.76,3.76,3.73,3.78,3.72,3.73,6548000,24548790.0
1334,重庆农村商业银行,2016-05-20,3.73,3.73,3.71,3.77,3.71,3.72,10994655,41150436.3
1335,重庆农村商业银行,2016-05-23,3.72,3.72,3.76,3.83,3.7,3.81,6206725,23629781.75
1336,重庆农村商业银行,2016-05-24,3.81,3.81,3.8,3.81,3.73,3.75,11672720,43834704.25
1337,重庆农村商业银行,2016-05-25,3.75,3.75,3.78,3.85,3.76,3.83,16981320,64743066.87
1338,重庆农村商业银行,2016-05-26,3.83,3.83,3.84,3.86,3.8,3.82,4909263,18774100.66
1339,重庆农村商业银行,2016-05-27,3.82,3.82,3.84,3.9,3.82,3.89,14733764,57057758.2
1340,重庆农村商业银行,2016-05-30,3.89,3.89,3.91,4.0,3.89,3.95,11956787,47270820.93
1341,重庆农村商业银行,2016-05-31,3.95,3.95,3.97,4.01,3.93,3.98,26248328,104198020.76
1342,重庆农村商业银行,2016-06-01,3.98,3.98,3.97,3.97,3.89,3.91,16509200,64867931.0
1343,重庆农村商业银行,2016-06-02,3.91,3.91,3.92,3.97,3.91,3.94,5939696,23400831.28
1344,重庆农村商业银行,2016-06-03,3.94,3.94,3.97,3.97,3.93,3.95,8814000,34813810.0
1345,重庆农村商业银行,2016-06-06,3.95,3.95,3.94,3.99,3.94,3.99,6705000,26576058.2
1346,重庆农村商业银行,2016-06-07,3.99,3.99,4.0,4.1,3.98,4.07,7621000,30878266.0
1347,重庆农村商业银行,2016-06-08,4.07,4.07,4.09,4.09,4.03,4.05,6132000,24902839.0
1348,重庆农村商业银行,2016-06-10,4.05,4.05,4.06,4.06,3.93,3.94,7049000,27950605.0
1349,重庆农村商业银行,2016-06-13,3.94,3.94,3.91,3.91,3.82,3.86,9369000,36127390.0
1350,重庆农村商业银行,2016-06-14,3.86,3.86,3.85,3.88,3.82,3.86,6030045,23248703.05
1351,重庆农村商业银行,2016-06-15,3.86,3.86,3.82,3.91,3.82,3.89,11114000,43016318.82
1352,重庆农村商业银行,2016-06-16,3.89,3.89,3.88,3.88,3.8,3.83,10332180,39563113.8
1353,重庆农村商业银行,2016-06-17,3.83,3.83,3.85,3.88,3.84,3.85,9873856,38123632.03
1354,重庆农村商业银行,2016-06-20,3.85,3.85,3.85,3.93,3.85,3.92,11398122,44416848.48
1355,重庆农村商业银行,2016-06-21,3.92,3.92,3.95,3.95,3.92,3.94,20945110,82447507.8
1356,重庆农村商业银行,2016-06-22,3.704,3.94,3.74,3.86,3.72,3.84,14576000,55436969.0
1357,重庆农村商业银行,2016-06-23,3.84,3.84,3.84,3.85,3.8,3.83,6064012,23183780.34
1358,重庆农村商业银行,2016-06-24,3.83,3.83,3.82,3.84,3.68,3.76,14293000,53549656.0
1359,重庆农村商业银行,2016-06-27,3.76,3.76,3.71,3.84,3.71,3.81,3723000,14121790.0
1360,重庆农村商业银行,2016-06-28,3.81,3.81,3.78,3.83,3.75,3.8,7900000,29910267.0
1361,重庆农村商业银行,2016-06-29,3.8,3.8,3.83,3.87,3.81,3.87,8369400,32123694.0
1362,重庆农村商业银行,2016-06-30,3.87,3.87,3.86,3.93,3.86,3.92,8449701,33074045.86
1363,重庆农村商业银行,2016-07-04,3.92,3.92,3.92,3.98,3.92,3.94,11808000,46679916.0
1364,重庆农村商业银行,2016-07-05,3.94,3.94,3.91,3.94,3.88,3.88,11064000,43307473.7
1365,重庆农村商业银行,2016-07-06,3.88,3.88,3.87,3.88,3.82,3.85,4238000,16269631.0
1366,重庆农村商业银行,2016-07-07,3.85,3.85,3.85,3.89,3.85,3.88,3878000,15004197.0
1367,重庆农村商业银行,2016-07-08,3.88,3.88,3.87,3.87,3.83,3.85,4048656,15587849.36
1368,重庆农村商业银行,2016-07-11,3.85,3.85,3.87,3.95,3.87,3.94,7456916,29307802.64
1369,重庆农村商业银行,2016-07-12,3.94,3.94,3.95,3.97,3.93,3.96,7558531,29849338.38
1370,重庆农村商业银行,2016-07-13,3.96,3.96,3.99,4.02,3.94,4.01,8810596,35255922.4
1371,重庆农村商业银行,2016-07-14,4.01,4.01,4.0,4.06,3.97,4.06,7426835,29787918.38
1372,重庆农村商业银行,2016-07-15,4.06,4.06,4.06,4.1,4.04,4.08,9479122,38448326.76
1373,重庆农村商业银行,2016-07-18,4.08,4.08,4.08,4.12,4.06,4.1,3500803,14306048.12
1374,重庆农村商业银行,2016-07-19,4.1,4.1,4.13,4.15,4.06,4.13,8828000,36230940.0
1375,重庆农村商业银行,2016-07-20,4.13,4.13,4.15,4.15,4.09,4.12,7704813,31739245.82
1376,重庆农村商业银行,2016-07-21,4.12,4.12,4.11,4.17,4.11,4.15,6283039,26050838.87
1377,重庆农村商业银行,2016-07-22,4.15,4.15,4.12,4.13,4.05,4.09,9638756,39417226.86
1378,重庆农村商业银行,2016-07-25,4.09,4.09,4.12,4.14,4.08,4.14,8200699,33667013.96
1379,重庆农村商业银行,2016-07-26,4.14,4.14,4.1,4.2,4.09,4.18,7294000,30382145.0
1380,重庆农村商业银行,2016-07-27,4.18,4.18,4.14,4.17,4.1,4.16,6600000,27320315.0
1381,重庆农村商业银行,2016-07-28,4.16,4.16,4.17,4.17,4.11,4.13,6709000,27784389.0
1382,重庆农村商业银行,2016-07-29,4.13,4.13,4.14,4.15,4.07,4.07,5979357,24590645.12
1383,重庆农村商业银行,2016-08-01,4.07,4.07,4.1,4.16,4.08,4.15,11355936,46903575.68
1384,重庆农村商业银行,2016-08-03,4.15,4.15,4.1,4.12,4.06,4.11,9100458,37205283.75
1385,重庆农村商业银行,2016-08-04,4.11,4.11,4.14,4.14,4.1,4.14,5957200,24604063.0
1386,重庆农村商业银行,2016-08-05,4.14,4.14,4.16,4.18,4.14,4.17,7261000,30212974.0
1387,重庆农村商业银行,2016-08-08,4.17,4.17,4.19,4.21,4.16,4.2,9551946,39878742.12
1388,重庆农村商业银行,2016-08-09,4.2,4.2,4.21,4.24,4.19,4.24,8073003,33980082.78
1389,重庆农村商业银行,2016-08-10,4.24,4.24,4.24,4.25,4.22,4.25,8277000,35094525.0
1390,重庆农村商业银行,2016-08-11,4.25,4.25,4.25,4.37,4.23,4.32,10336000,44707180.0
1391,重庆农村商业银行,2016-08-12,4.32,4.32,4.38,4.41,4.36,4.41,9854000,43244685.0
1392,重庆农村商业银行,2016-08-15,4.41,4.41,4.38,4.55,4.38,4.49,7561000,33897948.0
1393,重庆农村商业银行,2016-08-16,4.49,4.49,4.5,4.55,4.44,4.44,6271354,28038195.14
1394,重庆农村商业银行,2016-08-17,4.44,4.44,4.46,4.48,4.4,4.42,6774485,29930258.7
1395,重庆农村商业银行,2016-08-18,4.42,4.42,4.44,4.51,4.44,4.5,14958000,66968344.0
1396,重庆农村商业银行,2016-08-19,4.5,4.5,4.54,4.56,4.47,4.55,14826001,66990014.53
1397,重庆农村商业银行,2016-08-22,4.55,4.55,4.59,4.59,4.5,4.59,8050700,36619650.0
1398,重庆农村商业银行,2016-08-23,4.59,4.59,4.59,4.59,4.53,4.58,6641716,30282411.96
1399,重庆农村商业银行,2016-08-24,4.58,4.58,4.58,4.58,4.38,4.45,7914700,35125754.0
1400,重庆农村商业银行,2016-08-25,4.45,4.45,4.45,4.47,4.4,4.45,6413700,28337585.0
1401,重庆农村商业银行,2016-08-26,4.45,4.45,4.42,4.46,4.41,4.43,4235000,18778805.0
1402,重庆农村商业银行,2016-08-29,4.43,4.43,4.44,4.44,4.37,4.41,11990400,52791215.0
1403,重庆农村商业银行,2016-08-30,4.41,4.41,4.43,4.47,4.43,4.46,8041700,35775800.0
1404,重庆农村商业银行,2016-08-31,4.46,4.46,4.49,4.57,4.45,4.5,20501765,92436335.33
1405,重庆农村商业银行,2016-09-01,4.5,4.5,4.55,4.68,4.52,4.68,20004700,92220806.3
1406,重庆农村商业银行,2016-09-02,4.68,4.68,4.69,4.79,4.64,4.75,14284138,67411504.87
1407,重庆农村商业银行,2016-09-05,4.75,4.75,4.79,4.84,4.76,4.83,6427000,30903280.0
1408,重庆农村商业银行,2016-09-06,4.83,4.83,4.84,4.91,4.82,4.87,10401669,50599279.72
1409,重庆农村商业银行,2016-09-07,4.87,4.87,4.88,4.9,4.82,4.87,7821000,37926840.0
1410,重庆农村商业银行,2016-09-08,4.87,4.87,4.9,4.93,4.84,4.93,8743067,42910399.5
1411,重庆农村商业银行,2016-09-09,4.93,4.93,4.94,5.08,4.92,5.02,17475000,87846040.0
1412,重庆农村商业银行,2016-09-12,5.02,5.02,4.97,4.97,4.78,4.79,11139034,53888018.88
1413,重庆农村商业银行,2016-09-13,4.79,4.79,4.88,4.9,4.76,4.78,7978092,38527987.48
1414,重庆农村商业银行,2016-09-14,4.78,4.78,4.75,4.84,4.74,4.82,5472693,26261921.35
1415,重庆农村商业银行,2016-09-15,4.82,4.82,4.85,4.91,4.81,4.91,4523578,22097904.74
1416,重庆农村商业银行,2016-09-19,4.91,4.91,4.82,5.03,4.82,4.96,12552046,62406515.38
1417,重庆农村商业银行,2016-09-20,4.96,4.96,4.96,5.04,4.94,5.02,11355598,56782600.34
1418,重庆农村商业银行,2016-09-21,5.02,5.02,5.05,5.05,4.91,4.96,10512400,52358380.0
1419,重庆农村商业银行,2016-09-22,4.96,4.96,5.04,5.08,4.97,5.03,7373457,37053737.87
1420,重庆农村商业银行,2016-09-23,5.03,5.03,5.06,5.07,4.93,4.98,6188325,30946493.5
1421,重庆农村商业银行,2016-09-26,4.98,4.98,4.96,4.99,4.81,4.86,10199721,49817636.33
1422,重庆农村商业银行,2016-09-27,4.86,4.86,4.85,4.92,4.78,4.86,7394125,35975599.5
1423,重庆农村商业银行,2016-09-28,4.86,4.86,4.82,4.86,4.72,4.76,13685334,65104566.24
1424,重庆农村商业银行,2016-09-29,4.76,4.76,4.79,4.88,4.78,4.88,7150000,34721387.0
1425,重庆农村商业银行,2016-09-30,4.88,4.88,4.84,4.84,4.73,4.78,8458668,40452033.04
1426,重庆农村商业银行,2016-10-03,4.78,4.78,4.84,4.88,4.77,4.79,5438281,26190647.37
1427,重庆农村商业银行,2016-10-04,4.79,4.79,4.83,4.9,4.8,4.89,10470711,50956083.26
1428,重庆农村商业银行,2016-10-05,4.89,4.89,4.89,4.92,4.83,4.88,2573414,12563027.36
1429,重庆农村商业银行,2016-10-06,4.88,4.88,4.88,4.97,4.85,4.94,5203668,25599031.6
1430,重庆农村商业银行,2016-10-07,4.94,4.94,4.91,4.96,4.87,4.9,6683218,32729742.6
1431,重庆农村商业银行,2016-10-11,4.9,4.9,4.95,4.95,4.8,4.84,6314950,30629321.0
1432,重庆农村商业银行,2016-10-12,4.84,4.84,4.8,4.8,4.7,4.77,7466000,35412180.0
1433,重庆农村商业银行,2016-10-13,4.77,4.77,4.79,4.79,4.61,4.63,7355000,34196989.0
1434,重庆农村商业银行,2016-10-14,4.63,4.63,4.62,4.66,4.59,4.63,4750000,21973440.0
1435,重庆农村商业银行,2016-10-17,4.63,4.63,4.66,4.72,4.62,4.66,4341792,20231339.88
1436,重庆农村商业银行,2016-10-18,4.66,4.66,4.7,4.75,4.63,4.72,5451000,25629935.0
1437,重庆农村商业银行,2016-10-19,4.72,4.72,4.75,4.75,4.66,4.69,2638000,12392733.0
1438,重庆农村商业银行,2016-10-20,4.69,4.69,4.73,4.73,4.67,4.68,3831685,18011513.86
1439,重庆农村商业银行,2016-10-24,4.68,4.68,4.74,4.74,4.66,4.73,8716000,41112557.0
1440,重庆农村商业银行,2016-10-25,4.73,4.73,4.71,4.75,4.71,4.72,8724230,41232393.6
1441,重庆农村商业银行,2016-10-26,4.72,4.72,4.77,4.77,4.65,4.66,8243000,38809561.0
1442,重庆农村商业银行,2016-10-27,4.66,4.66,4.65,4.72,4.6,4.64,5980000,27713949.0
1443,重庆农村商业银行,2016-10-28,4.64,4.64,4.65,4.68,4.62,4.65,6941406,32234545.84
1444,重庆农村商业银行,2016-10-31,4.65,4.65,4.65,4.7,4.6,4.65,5434610,25329691.38
1445,重庆农村商业银行,2016-11-01,4.65,4.65,4.63,4.7,4.62,4.65,10610702,49595325.42
1446,重庆农村商业银行,2016-11-02,4.65,4.65,4.64,4.64,4.56,4.6,4024678,18492546.34
1447,重庆农村商业银行,2016-11-03,4.6,4.6,4.6,4.63,4.58,4.59,2961101,13629433.62
1448,重庆农村商业银行,2016-11-04,4.59,4.59,4.58,4.62,4.57,4.62,5039534,23169418.76
1449,重庆农村商业银行,2016-11-07,4.62,4.62,4.56,4.63,4.56,4.6,3520891,16236826.87
1450,重庆农村商业银行,2016-11-08,4.6,4.6,4.61,4.66,4.59,4.65,3915000,18140987.0
1451,重庆农村商业银行,2016-11-09,4.65,4.65,4.67,4.68,4.44,4.53,10899680,49401909.0
1452,重庆农村商业银行,2016-11-10,4.53,4.53,4.62,4.67,4.57,4.61,6436000,29791485.0
1453,重庆农村商业银行,2016-11-11,4.61,4.61,4.59,4.63,4.51,4.55,8791400,40168916.0
1454,重庆农村商业银行,2016-11-14,4.55,4.55,4.59,4.59,4.53,4.54,12893000,58866495.1
1455,重庆农村商业银行,2016-11-15,4.54,4.54,4.58,4.65,4.56,4.61,6917104,31956086.48
1456,重庆农村商业银行,2016-11-16,4.61,4.61,4.62,4.68,4.61,4.62,4828213,22430761.72
1457,重庆农村商业银行,2016-11-17,4.62,4.62,4.68,4.68,4.59,4.63,2620494,12097712.28
1458,重庆农村商业银行,2016-11-18,4.63,4.63,4.66,4.66,4.56,4.6,5026396,23102323.9
1459,重庆农村商业银行,2016-11-21,4.6,4.6,4.65,4.66,4.57,4.64,6756786,31296374.28
1460,重庆农村商业银行,2016-11-22,4.64,4.64,4.62,4.75,4.61,4.74,6599000,30927576.0
1461,重庆农村商业银行,2016-11-23,4.74,4.74,4.71,4.84,4.7,4.78,7842700,37417263.0
1462,重庆农村商业银行,2016-11-24,4.78,4.78,4.75,4.82,4.71,4.8,5683000,27140786.9
1463,重庆农村商业银行,2016-11-25,4.8,4.8,4.8,4.93,4.79,4.91,11031791,53837575.98
1464,重庆农村商业银行,2016-11-28,4.91,4.91,4.92,4.99,4.89,4.96,12803100,63407859.0
1465,重庆农村商业银行,2016-11-29,4.96,4.96,4.92,4.99,4.86,4.87,7792106,38265930.46
1466,重庆农村商业银行,2016-11-30,4.87,4.87,4.95,4.95,4.84,4.84,9281366,45211900.12
1467,重庆农村商业银行,2016-12-01,4.84,4.84,4.91,4.93,4.85,4.87,9511000,46389957.1
1468,重庆农村商业银行,2016-12-02,4.87,4.87,4.9,4.9,4.79,4.85,5486385,26482651.85
1469,重庆农村商业银行,2016-12-05,4.85,4.85,4.87,4.87,4.74,4.77,5714127,27304082.41
1470,重庆农村商业银行,2016-12-06,4.77,4.77,4.81,4.83,4.77,4.82,3141205,15091485.92
1471,重庆农村商业银行,2016-12-07,4.82,4.82,4.82,4.85,4.78,4.79,4804580,23076092.0
1472,重庆农村商业银行,2016-12-08,4.79,4.79,4.85,4.91,4.82,4.91,6038014,29420253.6
1473,重庆农村商业银行,2016-12-09,4.91,4.91,4.91,4.94,4.83,4.9,6678246,32664609.02
1474,重庆农村商业银行,2016-12-12,4.9,4.9,4.92,4.95,4.77,4.79,7262000,34966832.0
